value_date,stock_code,open,close,HIGH,LOW,VOLUME,SMA,EMA,SMMA,MOMENTUM,BBAND_UPPER,BBAND_LOWER,MACD,MACD_SIGNAL,RSI,STOCH,STOCHAS_SIGNAL,PSARBULL,PSARBEAR
2017-01-04,5660,139,140,140,139,22000,,140.0,140.0,,,,0.0,,,,,,
2017-01-05,5660,139,141,141,139,26000,,140.55,140.5263157894737,,,,-0.013888888888885731,,100.0,,,,
2017-01-06,5660,140,139,140,140,7000,,140.32890365448506,140.33210332103323,,,,0.002385189111436148,,48.14814814814815,,,139.0,
2017-01-10,5660,141,139,141,139,14000,,139.8910891089109,139.94475138121547,,,,0.03229604709841283,,30.89579524680073,,,139.0,
2017-01-11,5660,139,139,140,139,10000,,139.92235446363796,139.95824277795413,,,,0.020377306320398247,,50.13698630136986,,,139.0,
2017-01-12,5660,141,139,141,139,18000,,139.68278714963066,139.75373432161157,,,,0.041028424183195966,,38.57119695432081,,,139.0,
2017-01-13,5660,139,139,140,139,14000,,139.759222703823,139.8009385031448,,,,0.021892276247911013,,50.79510435201188,,,139.0,
2017-01-16,5660,140,139,141,140,40000,,140.04150551834732,140.01147273715355,,,,-0.022190768588586707,,59.47880635707214,,,139.0,
2017-01-17,5660,141,139,141,140,22000,,140.03247537001013,140.00959988033293,,,,-0.016106409127786492,0.007310352928455031,49.97984382698539,,,139.0,
2017-01-18,5660,140,139,140,140,13000,140.0,140.02565371832912,140.0081259723704,,141.26491106406735,138.73508893593265,-0.011696830822018,0.006010705059341919,49.97984382698539,,,139.0,
2017-01-19,5660,140,139,141,139,30000,140.1,140.224700482454,140.1526741134489,100.71428571428571,141.5,138.7,-0.04428331013554043,0.0026335471430469523,57.79666335268737,,,139.0,
2017-01-20,5660,141,139,142,140,36000,140.2,140.579402076901,140.41011585338504,100.70921985815602,141.94355957741627,138.4564404225837,-0.1013656006771555,-0.008894318389018786,63.876112214138125,,,139.0,
2017-01-23,5660,142,139,142,141,24000,140.3,140.6619525162494,140.48920857725366,100.71428571428571,142.10000000000002,138.5,-0.09820272656884299,-0.023394182129824987,55.29766132762451,,,139.0,
2017-01-24,5660,141,139,141,140,14000,140.5,140.72735569680688,140.5554391502557,101.43884892086331,142.1124515496597,138.8875484503403,-0.09314475873449624,-0.03600774491370215,55.29766132762451,,,139.0,
2017-01-25,5660,141,139,143,141,90000,140.8,141.16198612052403,140.86327614195085,102.14285714285714,142.95406592285383,138.6459340771462,-0.1665169787355012,-0.059068345238001835,65.91532405553721,,,139.0,
2017-01-26,5660,144,139,144,143,32000,141.2,141.51021346764526,141.12554803995226,102.87769784172663,143.35406592285383,139.04593407714614,-0.2108748403074685,-0.08493135818859956,65.91532405553721,83.33333333333334,,139.0,
2017-01-27,5660,143,139,144,143,17000,141.6,141.9783479866986,141.47052580458893,102.85714285714285,144.16124969497318,139.0387503050268,-0.2756747055586857,-0.11309624007416612,70.04158663375726,92.85714285714286,,139.0,
2017-01-30,5660,145,139,145,144,21000,141.9,142.35611933469542,141.76814413957794,102.12765957446808,144.79136645896023,139.00863354103979,-0.3111666610765269,-0.14588071251291504,70.04158663375726,87.5,87.8968253968254,139.0,
2017-01-31,5660,143,139,144,142,21000,142.3,142.66175751319085,142.02618756623332,102.85714285714285,145.1354893757516,139.46451062424842,-0.3258224729287349,-0.1807835616358836,70.04158663375726,88.23529411764706,89.53081232492998,139.0,
2017-02-01,5660,144,139,144,143,6000,142.7,142.90955237740886,142.2508870171395,102.85714285714285,145.23771550808993,140.16228449191004,-0.3259447859292095,-0.2120792811685135,70.04158663375726,83.33333333333334,86.35620915032682,139.0,
2017-02-02,5660,144,139,144,144,16000,143.0,143.11079106668515,142.44728835082105,102.12765957446808,145.36643191323986,140.63356808676014,-0.3162119747497343,-0.23595110050991114,70.04158663375726,83.33333333333334,84.96732026143793,139.0,
2017-02-03,5660,144,139,144,143,19000,143.2,143.27444522669248,142.6195204297102,101.40845070422534,145.5323807579381,140.86761924206186,-0.30007959780263604,-0.2583818639803326,70.04158663375726,83.33333333333334,83.33333333333337,139.0,
2017-02-06,5660,144,139,144,144,7000,143.5,143.40768305993052,142.77099333675895,102.12765957446808,145.3439088914586,141.6560911085414,-0.28007993492246896,-0.27915243911232956,70.04158663375725,83.33333333333334,83.33333333333339,139.0,
2017-02-07,5660,144,139,144,143,5000,143.8,143.51625631168932,142.90454711275362,102.12765957446808,144.6,143.00000000000003,-0.25804764062127106,-0.2893225126551929,70.04158663375725,83.33333333333334,83.33333333333339,139.0,
2017-02-08,5660,145,145,145,128,249000,143.7,143.2387345111388,142.80709643708184,99.3006993006993,144.98062484748655,142.41937515251342,-0.1462644573013563,-0.28214358121006927,48.70657971596728,82.75862068965517,83.14176245210733,,145.0
2017-02-09,5660,142,144,144,142,20000,143.7,143.19509163965049,142.82771925021825,100.0,144.98062484748655,142.41937515251342,-0.11079908611753808,-0.2638240679388307,55.93416899215183,85.0,83.69731800766287,,144.0
2017-02-10,5660,143,128,145,143,36000,143.7,143.34209063230296,142.95218497431875,100.0,144.98062484748655,142.41937515251342,-0.12832242519183978,-0.24350804172942098,61.739965924651926,88.23529411764706,85.33130493576745,128.0,
2017-02-13,5660,143,128,145,143,33000,143.6,143.27966579154216,142.957230535117,99.30555555555556,144.92664991614217,142.27335008385782,-0.09119261852271165,-0.2174380579065295,54.06833724051916,90.19607843137256,87.81045751633991,128.0,
2017-02-14,5660,143,128,144,143,20000,143.5,143.22866603543028,142.96171888884214,99.30555555555556,144.8416407864999,142.1583592135001,-0.06325168411893856,-0.18824993548316607,54.06833724051916,90.19607843137256,89.54248366013076,128.0,
2017-02-15,5660,143,128,146,143,51000,143.6,143.55151106822052,143.17457000532585,100.69444444444444,145.20000000000002,141.99999999999997,-0.1331292070013319,-0.1679074057333436,64.34479587408123,90.38461538461539,90.25892408245352,128.0,
2017-02-16,5660,145,128,146,145,46000,143.7,143.8153972110758,143.36435363800305,100.69444444444444,145.5,141.89999999999998,-0.17640543543316767,-0.154165832136736,64.34479587408123,92.45283018867924,91.01117466822241,128.0,
2017-02-17,5660,144,128,146,143,33000,143.8,144.03113037810695,143.53373426954263,100.69444444444444,145.75959179422654,141.84040820577349,-0.20032923742908793,-0.14530464352636033,64.34479587408123,94.44444444444444,92.42729667257971,128.0,
2017-02-20,5660,144,128,146,144,31000,143.9,144.20752319767107,143.68503656064885,100.69444444444444,145.9880613017821,141.81193869821792,-0.21040467043400213,-0.14001098017221933,64.34479587408123,94.44444444444444,93.78057302585607,128.0,
2017-02-21,5660,146,128,146,146,5000,144.1,144.53378325853856,143.9231556731084,101.38888888888889,146.5413111231467,141.6586888768533,-0.2565139290789489,-0.15226092148084072,69.00804877079227,96.29629629629629,95.06172839506176,128.0,
2017-02-22,5660,145,128,147,145,13000,144.6,144.98258606250968,144.2387396638343,103.52112676056338,147.1612496949731,142.0387503050269,-0.32567318358587727,-0.17613582119954507,72.83428566014473,98.18181818181819,96.307519640853,128.0,
2017-02-23,5660,146,129,147,145,35000,144.9,145.1677053251359,144.41892498434345,102.09790209790211,147.34131112314668,142.45868887685333,-0.31668578529959746,-0.19706508343374038,64.2869555527649,98.21428571428571,97.56413339746676,129.0,
2017-02-24,5660,146,130,146,146,10000,145.1,145.3191219149387,144.5803045468453,101.38888888888889,147.54131112314667,142.65868887685332,-0.30088486709459517,-0.22036422216394966,64.2869555527649,96.49122807017544,97.62911065542647,130.0,
2017-02-27,5660,146,131,147,145,42000,145.3,145.2610714281989,144.62305418776347,101.3986013986014,147.30997512422408,143.29002487577594,-0.2350254193564183,-0.23945019274589185,56.58555738970134,92.98245614035088,95.89598997493736,131.0,
2017-02-28,5660,145,131,147,145,21000,145.6,145.39547572595907,144.76304791441623,102.09790209790211,146.926649916142,144.273350083858,-0.2291718261793676,-0.2501215948767847,61.54653109272648,90.69767441860465,93.39045287637701,131.0,
2017-03-01,5660,146,131,146,145,9000,145.6,145.3235475580277,144.78709861354307,100.0,146.926649916142,144.273350083858,-0.17218325503421283,-0.24965246372134528,54.80252508804888,82.14285714285714,88.6076625672709,131.0,
2017-03-02,5660,146,131,148,146,40000,145.9,145.81030533832808,145.1127204323774,102.06896551724138,147.7867962264112,144.0132037735888,-0.26634253590179924,-0.25698727466275767,66.61963726135217,78.57142857142857,83.80398671096347,131.0,
2017-03-03,5660,149,132,150,147,33000,146.2,146.20851869840223,145.4049470770801,102.06896551724138,148.35406592285366,144.0459340771463,-0.32191293329788095,-0.2693770816476331,66.61963726135215,75.0,78.57142857142857,132.0,
2017-03-06,5660,148,133,150,148,27000,146.5,146.53430084473496,145.66727906571725,102.06896551724138,148.73606797749963,144.26393202250037,-0.34964496049047966,-0.27972497402669205,66.61963726135215,78.94736842105263,77.50626566416041,133.0,
2017-03-07,5660,148,134,148,147,16000,146.6,146.6189858120514,145.80185625335756,100.68493150684932,148.82710574513183,144.37289425486816,-0.3116082309053354,-0.27816220150663185,60.079915187348526,66.66666666666666,73.53801169590645,134.0,
2017-03-08,5660,147,135,148,147,16000,146.6,146.688269415024,145.92272557102288,100.0,148.82710574513183,144.37289425486816,-0.2762773393840803,-0.2736723741826855,60.07991518734852,61.904761904761905,69.1729323308271,135.0,
2017-03-09,5660,147,136,147,147,30000,146.7,146.74495325650216,146.03130593080252,100.68493150684932,148.8999999999998,144.50000000000017,-0.24386383444041826,-0.26733670388777697,60.07991518734852,55.00000000000001,61.19047619047621,136.0,
2017-03-10,5660,149,137,149,145,183000,146.8,146.79132910903525,146.1288650465729,100.68493150684932,148.95406592285363,144.6459340771464,-0.21442151899799455,-0.2650473816257299,60.07991518734852,50.0,55.63492063492066,137.0,
2017-03-13,5660,146,138,147,146,19000,147.0,146.8292717594233,146.21653636694938,101.37931034482759,148.78885438199958,145.21114561800042,-0.18789566201760977,-0.2604611411633123,60.079915187348526,43.75,49.583333333333364,138.0,
2017-03-14,5660,147,139,148,147,35000,147.1,146.86031492345057,146.29533395811194,100.68493150684932,148.76132477258335,145.43867522741664,-0.16415967539521148,-0.2595696323145344,60.079915187348526,40.0,44.583333333333364,139.0,
2017-03-15,5660,147,140,147,144,130000,147.1,146.5220609961994,146.16512951788482,100.0,148.76132477258335,145.43867522741664,-0.05080132783595559,-0.23562060919610733,45.99372101118707,31.25,38.333333333333364,140.0,
2017-03-16,5660,144,141,145,143,31000,146.7,146.06348797931443,145.9476076129959,97.2972972972973,149.0748684174074,144.32513158259258,0.0736263064152638,-0.19167180478353568,40.838062149924895,22.22222222222222,31.157407407407437,141.0,
2017-03-17,5660,144,141,144,144,28000,146.3,145.68829732007984,145.75203040330703,97.2972972972973,148.99072480941462,143.6092751905854,0.15559402165965253,-0.13553414010018766,40.838062149924895,15.0,22.824074074074105,141.0,
2017-03-21,5660,144,141,146,144,138000,146.0,145.56314934349928,145.6765437519179,97.97297297297297,148.52982212813455,143.47017787186545,0.1601628353570561,-0.08311513273769972,47.644464240819495,19.047619047619047,18.75661375661379,141.0,
2017-03-22,5660,144,141,146,143,63000,145.6,145.09711302138268,145.4079812616934,97.27891156462584,148.59332590941904,142.60667409058095,0.2506015665247219,-0.02457303208116615,38.18297232735545,14.285714285714285,16.111111111111146,141.0,
2017-03-23,5660,143,141,143,143,7000,145.2,144.7158136070561,145.16644808903888,97.27891156462584,148.39999999999986,142.0000000000001,0.3041143610481356,0.03631343408422873,38.18297232735545,9.523809523809524,14.28571428571432,141.0,
2017-03-24,5660,144,141,144,143,75000,144.8,144.403843387993,144.94920827604798,97.27891156462584,147.9999999999999,141.60000000000014,0.3309836271463098,0.09691400587804032,38.18297232735545,0.0,7.936507936507971,141.0,
2017-03-27,5660,143,141,144,143,42000,144.5,144.33041652623302,144.8540528871071,97.95918367346938,147.36356421265515,141.63643578734485,0.2928466422623046,0.15032981746469748,45.00333660764402,5.0,4.8412698412698765,141.0,
2017-03-28,5660,144,141,144,142,62000,144.0,143.90670069491875,144.5680130099947,96.5986394557823,146.6832815729996,141.3167184270004,0.3503102992249012,0.20749314797804333,36.36230592233057,5.0,3.333333333333368,141.0,
2017-03-29,5660,139,150,142,139,21000,143.4,143.3782058472376,144.21049786633353,95.91836734693877,145.7999999999998,141.0000000000002,0.4245779551587532,0.26031306831078876,32.95510161544878,13.043478260869565,7.68115942028989,,150.0
2017-03-30,5660,141,142,141,140,32000,142.9,142.7639829772233,143.78869008677572,96.55172413793103,145.79136645896,140.00863354104,0.5079367369762906,0.3085697828175695,29.93443681452625,11.11111111111111,9.718196457326925,,142.0
2017-03-31,5660,140,141,140,139,49000,142.5,142.26143819103953,143.40920733712937,97.22222222222221,145.75576411921978,139.24423588078022,0.5487372849921428,0.3522523676322906,29.93443681452625,13.793103448275861,12.649230940085545,,141.0
2017-04-03,5660,140,140,140,139,3000,142.0,141.6684470862212,142.9676438732013,96.52777777777779,145.687817782917,138.312182217083,0.6056224164958053,0.4017478766477072,27.058059266088478,7.142857142857142,10.682357234081403,,140.0
2017-04-04,5660,139,139,139,137,49000,141.2,140.819635781305,142.3700966868121,94.48275862068965,145.37612260356406,137.02387739643592,0.7177958350152664,0.4536583509244344,22.418329154299087,3.571428571428571,8.16912972085389,,139.0
2017-04-05,5660,137,138,137,135,80000,140.5,139.94333604890653,141.73233508543123,95.1048951048951,145.49999999999983,135.50000000000017,0.817794670639131,0.5107339408789895,20.52337166008482,3.3333333333333335,4.682539682539713,,138.0
2017-04-06,5660,135,137,135,133,58000,139.6,138.86272715622283,140.95828021440587,93.7062937062937,145.613318551349,133.58668144865098,0.9526266835773356,0.5798053915935478,17.362399595556013,5.88235294117647,4.262371615312823,,137.0
2017-04-07,5660,134,135,134,131,137000,138.4,137.433137869502,139.96150026317702,91.6083916083916,145.84043009509517,130.95956990490484,1.1530417511205258,0.675382625911128,13.903282666992425,5.128205128205128,4.781297134238342,,135.0
2017-04-10,5660,133,134,134,133,17000,137.4,136.80893007993194,139.36483740247198,93.05555555555556,144.22348884369262,130.5765111563074,1.1147754125101415,0.7603231940539324,29.11258573211694,9.30232558139535,6.770961216925681,,134.0
2017-04-11,5660,134,131,136,134,99000,136.7,136.48003331195727,138.92801575708927,95.07042253521126,142.89999999999978,130.5000000000002,1.008419860831168,0.825194516906423,33.33978626974667,16.27906976744186,10.236533492347478,131.0,
2017-04-12,5660,135,131,135,134,10000,136.0,136.02911772707535,138.4348708545851,95.0354609929078,141.65685424949214,130.34314575050786,0.9515497657624508,0.8744848534382186,31.327916295120488,24.390243902439025,16.657213083758776,131.0,
2017-04-13,5660,133,131,135,133,16000,135.3,135.47836861246546,137.8910430181616,95.0,140.51919534027974,130.0808046597203,0.9299276088217994,0.916839333863736,29.41626237501991,23.076923076923077,21.24874558226802,131.0,
2017-04-14,5660,134,131,135,133,15000,134.8,135.39139244464852,137.60177559240609,96.42857142857143,138.97612260356394,130.6238773964361,0.7943727184435829,0.9378115896357113,37.6154276923388,23.076923076923077,23.51469668542843,131.0,
2017-04-17,5660,135,131,135,134,27000,134.4,135.32023014418988,137.34146591851268,97.12230215827337,137.52409987036225,131.27590012963776,0.6781703463297504,0.9334087575595428,37.6154276923388,27.027027027027028,24.39362439362443,131.0,
2017-04-18,5660,136,131,138,136,45000,134.4,135.62564297796263,137.30730372219318,100.0,137.52409987036225,131.27590012963776,0.4863373996881535,0.8965801718983231,45.0220905958648,41.17647058823529,30.426806897395167,131.0,
2017-04-19,5660,137,131,137,137,4000,134.5,135.8755261617217,137.27656071157395,100.73529411764706,137.87638860322645,131.12361139677355,0.3415169505112772,0.8286790904465389,45.0220905958648,53.333333333333336,40.51227698286525,131.0,
2017-04-20,5660,137,131,137,137,4000,134.8,136.07997600997308,137.2488944042014,102.23880597014924,138.46606055596433,131.1339394440357,0.23297637982602737,0.7264496047471501,45.0220905958648,64.28571428571429,52.93183940242767,131.0,
2017-04-21,5660,137,131,138,137,9000,135.5,136.4290713639736,137.32402998315038,105.34351145038168,138.6304951684993,132.3695048315007,0.10618083710704695,0.6143835408134729,48.81694921310158,73.07692307692307,63.5653235653236,131.0,
2017-04-24,5660,138,131,139,138,15000,135.9,136.71469480796196,137.3916472490993,102.98507462686568,139.18024389337097,132.61975610662904,0.017082840210093764,0.5042349829666869,48.81694921310158,80.0,72.45421245421248,131.0,
2017-04-25,5660,138,131,139,138,10000,136.3,137.13020490907945,137.55252591664188,102.96296296296296,139.99323706252355,132.60676293747647,-0.0899088371512562,0.3885173604207195,52.61060489405911,91.66666666666666,81.58119658119661,131.0,
2017-04-26,5660,140,131,143,140,41000,137.2,138.1974405192781,138.09740559421704,106.71641791044777,142.32249938994602,132.07750061005396,-0.34418186822310304,0.24694964074906364,64.0794441447706,96.42857142857143,89.3650793650794,131.0,
2017-04-27,5660,143,131,143,141,36000,138.1,138.8888150440578,138.48775031516328,106.76691729323309,143.1159744815935,133.0840255184065,-0.45956146755344207,0.10762362008272754,60.15960734808856,96.66666666666667,94.92063492063495,131.0,
2017-04-28,5660,141,131,141,140,10000,138.6,139.0908486900412,138.6390050244143,103.7037037037037,143.26476151587593,133.93523848412406,-0.43121701729594974,-0.015641642542350256,53.156079342268285,87.5,93.53174603174607,131.0,
2017-05-01,5660,140,131,142,140,12000,139.3,139.61978532961686,138.97516401012774,105.18518518518518,143.68634243989194,134.91365756010808,-0.49106916293840186,-0.12424237172307863,58.37468086012195,83.33333333333334,89.1666666666667,131.0,
2017-05-02,5660,140,131,141,140,28000,139.7,139.8707334661642,139.17767986339186,102.91970802919708,143.89999999999964,135.50000000000034,-0.4703209842383558,-0.21444658669526007,55.07114020709046,80.0,83.61111111111114,131.0,
2017-05-08,5660,141,131,141,140,34000,140.1,140.07605466394776,139.35993800213836,102.91970802919708,143.94187454245932,136.25812545754067,-0.4418046685685795,-0.28942225873910526,55.07114020709046,83.33333333333334,82.22222222222224,131.0,
2017-05-09,5660,140,131,143,140,17000,140.6,140.42586292054568,139.62397826496877,103.64963503649636,143.9704599092701,137.2295400907299,-0.45506108364563147,-0.35178247215606956,57.838350094495986,82.75862068965517,82.03065134099619,131.0,
2017-05-10,5660,142,131,142,141,13000,141.0,140.7120696714219,139.8616080287862,102.89855072463767,143.96647939483773,138.03352060516227,-0.45003279639570337,-0.4036842095567137,57.838350094495986,84.61538461538461,83.56911287945773,131.0,
2017-05-11,5660,141,131,152,140,356000,141.7,141.4916933879359,140.37550092549338,105.07246376811594,144.80483493925146,138.5951650607485,-0.5712431989862523,-0.4571658053161577,65.27884027276036,70.96774193548387,79.44724908017456,131.0,
2017-05-12,5660,150,133,153,147,289000,142.5,142.49320370248907,141.03801313963976,105.75539568345324,146.4242833740693,138.5757166259307,-0.7280241986006786,-0.4998149531358883,69.18332040519002,63.1578947368421,72.91367376257021,133.0,
2017-05-15,5660,148,135,149,145,112000,143.0,143.4944394104913,141.73427075796346,103.4965034965035,148.1380930314657,137.8619069685343,-0.8579059542791754,-0.5440754516609698,70.9427740636482,61.702127659574465,65.27592144396682,135.0,
2017-05-16,5660,147,137,148,146,38000,143.5,144.13181407226784,142.26088379815195,103.52112676056338,149.10357029044843,137.89642970955157,-0.8732750310257416,-0.5931930087420577,66.83344855550719,63.829787234042556,62.89660321015304,137.0,
2017-05-17,5660,148,138,152,147,168000,144.6,145.38057516468652,143.1348553374875,107.85714285714285,151.24529909033416,137.95470090966583,-1.0414239600119117,-0.6543435417502255,73.45658679607939,71.73913043478261,65.75701510946654,138.0,
2017-05-18,5660,147,139,149,144,93000,145.3,146.03865241378705,143.7214059960564,104.92957746478872,152.17313611097555,138.42686388902447,-1.030896432126326,-0.7166297026266667,66.3248624537807,72.09302325581395,69.2206469748797,139.0,
2017-05-19,5660,149,140,149,147,39000,146.1,146.5770792518722,144.24929471184618,105.67375886524823,152.63911308970842,139.56088691029157,-0.992050226891223,-0.7777680979958492,66.3248624537807,75.60975609756098,73.14730326271916,140.0,
2017-05-22,5660,151,141,151,149,69000,147.0,147.19942848280323,144.82439398409906,106.38297872340425,152.93295878967618,141.06704121032382,-0.9813835430457232,-0.8362483712625262,68.11970167558715,71.7948717948718,73.1658837160822,141.0,
2017-05-23,5660,150,142,150,147,40000,147.6,147.34498694124056,145.1419688708307,104.22535211267605,152.51528229097738,142.6847177090226,-0.8516589566234529,-0.8808735001767205,61.105023258433896,69.23076923076923,72.21179904106731,142.0,
2017-05-24,5660,148,143,150,148,25000,148.4,147.82771659036402,145.62779165168342,105.63380281690141,151.7704599092699,145.0295400907301,-0.8299481609781765,-0.909618495953601,64.98777338630637,71.7948717948718,70.9401709401709,143.0,
2017-05-25,5660,150,144,150,149,39000,148.8,148.04085902922972,145.9650247737352,102.75862068965517,151.29799919935846,146.30200080064157,-0.7435609282419477,-0.9113447992470753,61.67269688946195,69.23076923076923,70.08547008547005,144.0,
2017-05-26,5660,149,145,149,148,55000,148.9,148.03343011480294,146.16852896964085,100.68027210884354,151.17156333831912,146.6284366616809,-0.6160507868157197,-0.8844720028622469,58.46115233191602,69.23076923076923,70.08547008547004,145.0,
2017-05-29,5660,149,145,150,147,33000,149.1,148.39098827659018,146.55168738070276,101.35135135135135,151.37156333831908,146.8284366616809,-0.6030884933801417,-0.8544512764571803,62.65027518655897,69.23076923076923,69.23076923076918,145.0,
2017-05-30,5660,148,145,150,147,19000,149.4,148.68353586322857,146.89652780207646,102.04081632653062,151.23303027798107,147.56696972201894,-0.5757574508063499,-0.8027105532121178,62.65027518655897,71.7948717948718,70.08547008547004,145.0,
2017-05-31,5660,148,145,149,148,9000,149.2,148.74107479727775,147.1068800503938,98.67549668874173,150.69666295470802,147.70333704529196,-0.49338698599024156,-0.7429872814192195,59.18890288794515,71.42857142857143,70.81807081807078,145.0,
2017-06-01,5660,149,145,150,149,29000,149.3,148.96997028897712,147.3961982699587,100.67114093959732,150.86204993517987,147.73795006482015,-0.4686012199573213,-0.684826280648786,61.48076092748028,70.0,71.07448107448103,145.0,
2017-06-02,5660,150,145,150,149,91000,149.3,148.97543023644158,147.5565815485059,100.0,150.86204993517987,147.73795006482015,-0.3912508236981864,-0.6192559784990598,57.97459967996907,64.0,68.47619047619044,145.0,
2017-06-05,5660,149,145,150,148,53000,149.1,148.79807928420811,147.60092416641118,98.66666666666667,150.76132477258224,147.43867522741775,-0.280698226946015,-0.5558158974237889,54.620084930205685,62.5,65.49999999999996,145.0,
2017-06-06,5660,149,145,149,148,36000,149.1,148.6529739597041,147.6408323757,100.0,150.76132477258224,147.43867522741775,-0.19722575421528177,-0.48551340778346724,54.620084930205685,56.52173913043478,61.00724637681156,145.0,
2017-06-07,5660,147,145,148,147,19000,148.9,148.53425142150743,147.67674964513157,98.66666666666667,150.56132477258228,147.23867522741773,-0.1346528262087361,-0.41785695200199924,54.620084930205685,47.368421052631575,55.46338672768875,145.0,
2017-06-08,5660,148,145,149,148,25000,148.9,148.61893298127342,147.80907636172807,100.0,150.56132477258228,147.23867522741773,-0.13430644674329528,-0.36432980310506324,57.67856977869806,46.666666666666664,50.18560894991097,145.0,
2017-06-09,5660,149,145,149,148,2000,148.9,148.50639971190742,147.82816894385627,100.0,150.56132477258228,147.23867522741773,-0.08378562465026107,-0.3066294843572987,53.77545408718411,36.36363636363637,43.46624136097817,145.0,
2017-06-12,5660,149,145,149,148,10000,148.7,148.414327036986,147.845352226294,98.66666666666667,150.2620499351799,147.13795006482007,-0.04700889499446248,-0.24787964482264455,53.77545408718411,40.0,41.010101010100975,145.0,
2017-06-13,5660,148,145,148,147,11000,148.5,148.33899484842357,147.8608171468912,98.66666666666667,149.8416407864983,147.1583592135017,-0.020667450389680653,-0.19535525197813777,53.77545408718411,33.33333333333333,36.56565656565653,145.0,
2017-06-14,5660,148,145,149,148,6000,148.4,148.2773594214244,147.87473554821543,99.32885906040269,149.7266499161406,147.07335008385942,-0.002200397057521286,-0.14353293832260444,53.77545408718411,33.33333333333333,35.55555555555552,145.0,
2017-06-15,5660,148,145,148,148,21000,148.2,148.22693043570212,147.88726208736452,98.66666666666667,148.99999999999744,147.40000000000254,0.010368082065923545,-0.09890861545992556,53.77545408718411,33.33333333333333,33.33333333333329,145.0,
2017-06-16,5660,148,145,149,147,27000,148.1,148.1856703564777,147.89853595474415,99.32885906040269,148.69999999999666,147.50000000000333,0.018556957741964197,-0.06565803938348343,53.77545408718411,33.33333333333333,33.33333333333329,145.0,
2017-06-19,5660,149,145,165,148,518000,149.4,150.5155484737523,149.20869032028662,108.78378378378379,157.1562877718658,141.6437122281342,-0.5764707759377359,-0.10779637513042278,80.51486442384441,66.66666666666666,44.4444444444444,145.0,
2017-06-20,5660,162,147,162,156,209000,150.6,152.23999420596115,150.2878271897947,108.10810810810811,160.52773891679237,140.67226108320762,-0.9153673733638641,-0.194542435925437,76.83299594140841,71.7948717948718,57.26495726495722,147.0,
2017-06-21,5660,160,148,160,155,111000,151.6,153.2872679867769,151.0590482666735,106.75675675675676,162.26583330077835,140.93416669922163,-1.0243014603479423,-0.2934307707703978,69.94397948253209,70.37037037037037,69.6106362773029,148.0,
2017-06-22,5660,159,150,159,157,48000,152.4,153.96231017104222,151.6531460716769,105.36912751677852,163.3617516848354,141.4382483151646,-1.0203706443378167,-0.39749577295790395,66.72263385709337,62.96296296296296,68.37606837606835,150.0,
2017-06-23,5660,157,152,163,157,162000,153.4,154.6964355945273,152.28783399483444,106.75675675675676,164.39818166789362,142.4018183321064,-1.0324676103575996,-0.5069911857760303,68.29515779474718,59.25925925925925,64.1975308641975,152.0,
2017-06-26,5660,161,153,161,159,76000,154.7,155.84253821375293,153.15905372133193,108.78378378378379,165.90892501536118,143.4910749846388,-1.1473496292082075,-0.6321780945336444,72.49443738197932,64.81481481481481,62.34567901234565,153.0,
2017-06-27,5660,161,154,162,159,88000,155.9,156.59844035673328,153.84315055831573,108.10810810810811,166.53766891757724,145.26233108242278,-1.1436590077345272,-0.7590068290533117,69.20407094806947,70.37037037037037,64.8148148148148,154.0,
2017-06-28,5660,161,155,161,159,19000,157.1,157.21690574643574,154.4588372918677,108.10810810810811,166.54245730728965,147.65754269271034,-1.1059712330846025,-0.8830445307367035,69.20407094806947,74.07407407407408,69.75308641975307,155.0,
2017-06-29,5660,161,156,161,159,29000,158.3,157.72292288345923,155.0129550120807,108.10810810810811,165.6239333694393,150.97606663056072,-1.046429624700096,-1.0013763732302658,69.20407094806947,72.22222222222221,72.22222222222221,156.0,
2017-06-30,5660,159,157,161,158,64000,159.5,158.13693690465638,155.5116606848858,108.10810810810811,162.06904651573024,156.93095348426976,-0.9739267014049915,-1.0455381427266275,69.20407094806947,72.22222222222221,72.83950617283949,157.0,
2017-07-03,5660,159,158,160,158,51000,159.4,158.4756756492696,155.96049556734744,99.37888198757764,161.79999999999703,157.00000000000298,-0.8948808240998574,-1.043261859475071,69.20407094806947,72.22222222222221,72.22222222222221,158.0,
2017-07-04,5660,160,158,160,158,55000,159.2,158.3891891675831,156.1644463995138,98.75,161.6979991993565,156.70200080064348,-0.7215303590159579,-1.0096206259937395,61.16188915155811,68.51851851851852,70.98765432098764,158.0,
2017-07-05,5660,158,158,164,158,129000,159.8,159.4093365916696,156.94800310426618,103.79746835443038,163.46606055596268,156.13393944403734,-0.8589075709402891,-0.9916802845051254,71.7632725948881,75.92592592592592,72.22222222222221,158.0,
2017-07-06,5660,164,158,168,163,151000,160.6,160.42582084773835,157.75320403750328,105.09554140127389,164.90813184570584,156.29186815429415,-0.9716272967923487,-0.984920249664542,73.08207421019777,80.35714285714286,74.93386243386243,158.0,
2017-07-07,5660,164,158,166,160,74000,161.1,160.8938534208801,158.27788436310297,103.16455696202532,165.2424630354397,156.9575369645603,-0.9257259638291373,-0.9602953979557564,66.40228423655293,82.35294117647058,79.54533665317977,158.0,
2017-07-10,5660,164,159,164,162,55000,161.3,161.27678916254047,158.750096517566,101.24223602484473,165.59418211071494,157.00581788928508,-0.8661704164961748,-0.9294633322626061,66.40228423655293,71.73913043478261,78.149738156132,159.0,
2017-07-11,5660,164,160,165,162,41000,161.6,161.59010022389822,159.17508734433565,101.875,165.90813184570573,157.29186815429426,-0.7992044947324359,-0.8953781391123654,66.40228423655293,59.45945945945946,71.18384369023754,160.0,
2017-07-12,5660,163,161,163,163,12000,161.9,161.84644563773588,159.55757899750827,101.875,166.1379240200815,157.6620759799185,-0.7292828094039123,-0.8601396040794561,66.40228423655293,57.14285714285714,62.78048234569973,161.0,
2017-07-13,5660,163,162,165,163,41000,162.4,162.41981915814932,160.10182159412545,103.125,166.7999999999981,158.0000000000019,-0.7518194282031914,-0.835461018168145,70.08055887736674,59.375,58.65910553410553,162.0,
2017-07-14,5660,165,162,168,165,91000,163.2,163.43439749303386,160.89164008302043,105.0,168.3999999999983,158.00000000000168,-0.8824036184316526,-0.8340746619827889,74.57672051320165,74.19354838709677,63.570468509984636,162.0,
2017-07-18,5660,168,162,170,168,142000,164.0,164.26450703975672,161.6024765998474,105.0,169.4405882034925,158.5594117965075,-0.9436481897290605,-0.8587544209509114,74.57672051320166,84.375,72.6478494623656,162.0,
2017-07-19,5660,169,163,170,166,100000,165.0,164.94368757798395,162.24222936521707,106.32911392405062,169.19523539267828,160.80476460732172,-0.9560707244744435,-0.8695503268991508,74.57672051320166,88.23529411764706,82.26794750158128,163.0,
2017-07-20,5660,168,164,168,167,40000,165.4,165.499380745624,162.8180067732324,102.4390243902439,169.8899888641265,160.9100111358735,-0.9350622641734105,-0.8654875454970465,74.57672051320166,83.33333333333334,85.31454248366013,164.0,
2017-07-21,5660,168,165,168,167,28000,165.6,165.7722206100563,163.23620632112937,101.21212121212122,170.17820925690165,161.02179074309834,-0.8459161598653964,-0.8566197895010753,69.86920541322098,80.55555555555556,84.04139433551198,165.0,
2017-07-24,5660,167,165,167,166,21000,165.9,165.81363504459156,163.5125858229755,101.840490797546,170.13792402008102,161.662075979919,-0.7133890689714235,-0.8396440842205474,65.42190650687024,75.0,79.62962962962962,165.0,
2017-07-25,5660,166,170,168,164,114000,166.4,166.21115594557523,163.96132743642949,103.06748466257669,170.31918358845041,162.4808164115496,-0.6940356822197771,-0.8279586606080298,69.59087926583393,75.0,76.85185185185183,,170.0
2017-07-26,5660,170,164,175,170,383000,167.5,167.627309410017,164.9651950869059,106.74846625766872,172.88516480713244,162.11483519286756,-0.9365030609043572,-0.850983132996968,78.11543662757067,82.05128205128204,77.35042735042732,164.0,
2017-07-27,5660,175,164,190,175,1388000,170.2,171.69507133547054,167.46867646279753,116.56441717791411,184.13700111214655,156.26299888785343,-1.8102808844639071,-0.9685899614703809,87.87590577679742,94.73684210526315,83.92937471884836,164.0,
2017-07-28,5660,189,165,200,188,1619000,173.4,176.295967456296,170.4218097556341,119.39393939393939,194.13065363175923,152.66934636824078,-2.669137230084516,-1.1671159183206992,89.98119381444621,95.18072289156626,90.65628234937044,165.0,
2017-07-31,5660,202,167,247,202,2613000,181.3,189.15124610061028,178.07963097178563,147.02380952380955,229.62432099885072,132.9756790011493,-5.476081918194581,-1.670719665927979,95.71063277320066,98.0392156862745,95.98559356103459,167.0,
2017-08-01,5660,250,173,267,205,33704000,186.3,194.396474082319,182.07166890289804,129.76190476190476,238.29269179413546,134.30730820586456,-5.8692111867079575,-2.216624161731703,70.520768181739,77.09251101321586,90.1041498636855,173.0,
2017-08-02,5660,215,182,267,204,67556000,193.3,202.32438788553557,187.66450330917783,141.66666666666669,251.97231033460292,134.6276896653971,-6.877815270340221,-2.876930051305793,75.34090587817788,73.37883959044369,82.83685542997799,182.0,
2017-08-03,5660,236,190,247,226,37563000,199.5,207.35631736089368,191.89805386156593,136.9047619047619,259.26119142051925,139.73880857948075,-6.9797067956077115,-3.5584623441660503,70.38345372655684,63.022508038585215,71.1646195474149,190.0,
2017-08-04,5660,225,197,253,220,50873000,207.6,214.74607784073234,197.5082495288908,148.50299401197603,269.4656609113645,145.73433908863547,-7.664688542028443,-4.330828952283497,74.45614374740646,72.58064516129032,69.66066426343973,197.0,
2017-08-07,5660,247,204,259,243,24616000,216.0,221.1558818696909,202.75742546312202,150.60240963855424,275.7662111899352,156.23378881006482,-7.984839615242407,-5.1409182781749,74.86965522203066,76.37540453074433,70.65951924353993,204.0,
2017-08-08,5660,248,210,250,232,10691000,223.2,224.58208516611109,206.4816834832756,142.85714285714286,274.90531887533353,171.4946811246664,-7.494331430520788,-5.869565874798948,68.8667005035923,79.6116504854369,76.1892333924905,210.0,
2017-08-09,5660,216,267,219,201,9933000,226.4,221.20352422681788,206.4335151283542,118.39080459770115,268.6203742285632,184.1796257714368,-5.362469538458839,-6.2642535030206075,53.23739636879659,66.01941747572816,74.00215749730312,,267.0
2017-08-10,5660,197,219,204,191,5408000,226.6,215.89379254921425,204.9901634376945,101.05263157894737,268.1422676318942,185.0577323681058,-3.108210118055098,-6.313039379461783,48.36955659697399,47.249190938511326,64.29341963322544,,219.0
2017-08-14,5660,187,204,188,180,1891000,225.2,209.91310299481134,202.79114685009347,92.89340101522842,271.32851612614394,179.071483873856,-1.071228045235614,-5.823611171355231,45.489944239418456,28.802588996763756,47.35706580366773,,204.0
2017-08-15,5660,184,188,186,182,946000,218.7,204.83799335939088,200.71203195760117,73.68421052631578,268.8521684476347,168.54783155236527,0.3867668362211987,-5.12850250214088,45.168180800030434,19.471947194719473,31.841242376664834,,188.0
2017-08-16,5660,179,186,183,178,1375000,215.0,200.50381274859234,198.7408285847984,83.02752293577981,270.034534612368,159.96546538763198,1.407970545633077,-4.207859633699403,44.82671837439068,12.67123287671233,20.315256356065166,,186.0
2017-08-17,5660,181,178,198,181,3442000,210.4,198.95766497612095,198.0667456718304,80.67226890756302,264.66011426453076,156.13988573546925,1.5482324244579218,-3.260310831469888,49.36161639103186,11.510791366906476,14.551323812779406,178.0,
2017-08-18,5660,183,178,189,183,1623000,205.7,196.0562713440989,196.56007099503717,79.56521739130434,260.4945252739718,150.90547472602816,2.010925621673124,-2.1852425910586026,46.02814530835747,9.25925925925926,11.147094500959335,178.0,
2017-08-21,5660,187,178,187,182,568000,199.1,193.50058564517175,195.10406380020171,73.38709677419355,247.44418269037075,150.75581730962924,2.308412536044642,-1.041547907582264,45.65918668550307,8.614232209737828,9.794760945301169,178.0,
2017-08-22,5660,181,178,183,180,254000,192.2,191.22775189150414,193.6936573370701,72.39999999999999,227.43407441667722,156.96592558332276,2.484914061587318,0.06725714709641453,45.26840512179605,4.49438202247191,7.455957830489647,178.0,
2017-08-23,5660,184,178,185,180,341000,186.3,189.36816063850335,192.42429153604283,75.41666666666667,201.74150251756464,170.85849748243538,2.5279331231371884,0.9439685539404176,45.26840512179605,3.861003861003861,5.656539364404515,178.0,
2017-08-24,5660,180,178,184,180,354000,183.9,188.02849506786634,191.38186233268223,88.3495145631068,192.11948903521116,175.68051096478885,2.4331173148598566,1.559671602042079,45.80633269099355,3.9840637450199203,4.113149876165212,178.0,
2017-08-25,5660,192,178,194,185,1253000,183.3,187.65967778279972,190.8436760762946,96.875,189.75290632195734,176.84709367804268,2.109453773416476,1.9130806930034225,48.007587624705415,6.172839506172839,4.672635704065521,178.0,
2017-08-28,5660,185,178,186,182,446000,183.6,187.35791818592705,190.35930844993842,101.63934426229508,190.24529909033117,176.95470090966882,1.8254521831036072,2.0729346204348014,48.007587624705415,8.547008547008547,6.234637266067083,178.0,
2017-08-29,5660,181,178,184,181,576000,183.5,186.20193306121305,189.42337757237794,99.45054945054946,190.26756972627226,176.73243027372774,1.8078064240260119,2.1173608291451274,45.337887616509,9.793814432989691,8.171220828723675,178.0,
2017-08-30,5660,182,178,183,181,271000,183.7,185.61976341371977,188.78103979502447,101.10497237569061,190.2757128891061,177.12428711089387,1.6479290971424518,2.1284382372211863,46.61668803202535,11.510791366906476,9.950538115634886,178.0,
2017-08-31,5660,183,178,184,181,299000,182.8,185.14344279304345,188.2029357992283,95.3125,186.3552777669202,179.2447222330798,1.4889989344169408,2.0704463830816104,46.61668803202536,14.942528735632186,12.082378178509432,178.0,
2017-09-01,5660,182,178,185,182,335000,183.0,185.11736228521738,187.8826422111808,101.09289617486338,186.79473319219636,179.20526680780364,1.243292395513322,1.9520997008003524,48.026836617179555,25.757575757575758,17.403631953371455,178.0,
2017-09-04,5660,183,178,183,180,323000,183.0,184.55056914245057,187.29437797663286,100.0,186.79473319219636,179.20526680780364,1.177174357008596,1.8067952891804946,46.06134186025332,26.666666666666668,22.455590386624852,178.0,
2017-09-05,5660,182,198,183,171,721000,182.3,182.6322838438232,185.96494015165405,96.13259668508287,188.8757128891062,175.7242871108938,1.4654275507274406,1.6887391144683004,41.21717049553324,20.8955223880597,24.439921604100693,,198.0
2017-09-06,5660,172,183,176,171,328000,181.6,181.06277769040076,184.76844611436306,96.13259668508287,189.85590697621757,173.34409302378242,1.615462711068659,1.597888602935945,41.21717049553324,14.285714285714285,20.615967780146867,,183.0
2017-09-07,5660,175,176,180,174,111000,181.0,180.14227265578245,183.8916014883336,96.7032967032967,189.89943818451246,172.10056181548754,1.5750107361900518,1.5385060432441202,42.95656447095288,15.068493150684931,16.74990994148629,,176.0
2017-09-08,5660,176,171,184,176,312000,180.1,179.5709503547311,183.20244132917765,95.16129032258065,188.6064681272523,171.5935318727477,1.4530121459280565,1.497123816891281,43.851192902818745,20.28985507246377,16.548020836287645,171.0,
2017-09-11,5660,180,171,180,174,419000,179.0,178.73986847205273,182.38219718520244,94.08602150537635,186.99999999999753,171.00000000000247,1.4180281111066506,1.4538151154557966,42.41832799199957,21.73913043478261,19.032492885977085,171.0,
2017-09-12,5660,177,171,184,175,519000,179.2,179.51443784077043,182.44397746743175,101.10497237569061,187.48492607088076,170.91507392911922,0.981484207193887,1.3797656832392893,49.52325831264547,31.88405797101449,24.63768115942027,171.0,
2017-09-13,5660,187,171,190,186,883000,179.9,181.4209036879031,183.19957972893926,103.82513661202186,190.2711137299694,169.52888627003063,0.33270112740106583,1.2512881491264143,54.78089150944251,50.72463768115942,34.78260869565216,171.0,
2017-09-14,5660,190,171,190,183,398000,180.0,181.88983029010254,183.27962175683192,100.5464480874317,190.50714042924903,169.49285957075097,0.16021100792875131,1.1309457727281287,49.97585090634068,67.6923076923077,50.10033444816052,171.0,
2017-09-15,5660,186,171,187,184,240000,180.0,182.45531569190206,183.45165958267035,100.0,190.50714042924903,169.49285957075097,-0.007634950111821581,0.9993002941591934,50.75119959305475,75.40983606557377,64.60892714634694,171.0,
2017-09-19,5660,188,171,189,185,303000,180.4,183.09980374791988,183.70649362643184,102.19780219780219,191.4706820024766,169.32931799752342,-0.16717267708972372,0.8179002688461752,51.55975238927545,73.68421052631578,72.26211809473239,171.0,
2017-09-20,5660,186,171,187,180,331000,181.5,183.4452939755708,183.83584426471535,106.32183908045978,191.97854951794181,171.02145048205819,-0.22386982528740873,0.6135299870288343,50.6639819417724,75.43859649122807,74.84421436103918,171.0,
2017-09-21,5660,187,171,187,179,601000,182.1,182.81887688910336,183.45225983577055,103.44827586206897,191.41450481775377,172.78549518224622,-0.024591900212442397,0.43579636076189054,46.329855830870486,66.66666666666666,71.92982456140349,171.0,
2017-09-22,5660,182,171,187,181,566000,183.1,183.3972629092664,183.70703385367193,105.68181818181819,191.69999999999752,174.50000000000247,-0.16586247707817847,0.25592140265008667,51.67256903801172,66.66666666666666,69.59064327485379,171.0,
2017-09-25,5660,187,171,189,185,480000,184.0,183.87048783485432,183.93633046950228,105.08474576271188,191.69415362466572,176.30584637533428,-0.2563883298156213,0.06987513143650087,51.67256903801172,68.42105263157895,67.25146198830409,171.0,
2017-09-26,5660,186,171,187,184,229000,184.9,183.89403550124445,183.94269742258197,105.14285714285714,189.7538644398001,180.0461355601999,-0.21747080459743984,-0.06334209209586877,49.75770665453034,75.43859649122807,70.17543859649122,171.0,
2017-09-27,5660,1819,171,1855,1806,18000,347.4,479.1860290464729,346.34842836736146,987.9781420765028,1321.14460717377,-626.3446071737701,-75.1382813781413,-8.44900681493391,98.49598570517065,96.68411867364746,80.1812559321515,171.0,
2017-09-28,5660,1818,184,1818,1758,42500,506.4,715.6976601289325,489.7135860764652,936.8421052631579,1794.0652359988599,-781.26523599886,-122.24965218552177,-22.050102725317302,96.75328366989663,96.21413782904466,89.44561766464005,184.0,
2017-09-29,5660,1787,284,1787,1740,32800,662.9,903.5708128327632,615.6422279003266,950.5434782608695,2124.460111661508,-798.660111661508,-148.94812928019508,-38.599046539770995,94.75437827624091,95.47888161808447,96.12571270692553,284.0,
2017-10-02,5660,1747,378,1759,1745,8000,820.1,1058.739755954079,729.7780054622824,949.7297297297298,2377.2695989840026,-737.0695989840025,-162.8071559510454,-56.67015579243274,94.784325048564,94.46648155493853,95.38650033402256,378.0,
2017-10-03,5660,1763,466,1765,1749,14400,977.3,1185.8779821442465,832.6002052014423,945.1612903225806,2563.7927481712604,-609.1927481712607,-167.2253538220507,-75.22587623651755,94.78833025251161,94.02422076632917,94.65652797978406,466.0,
2017-10-04,5660,1763,549,1764,1750,19600,1133.9,1288.6274399362019,924.440184910714,946.4864864864865,2685.4198870784735,-417.6198870784733,-164.7476614940531,-93.52843952472206,94.24276729971818,94.05802861685216,94.18291031270661,549.0,
2017-10-05,5660,1752,627,1752,1731,18500,1289.1,1369.2406326750743,1005.196166601198,962.2222222222222,2734.7780969496625,-156.57809694966295,-157.12437248759147,-110.96827397033465,92.68345728526953,93.55608591885442,93.87944510067858,627.0,
2017-10-06,5660,1730,700,1730,1717,10600,1442.7,1433.3786994614245,1076.8765500861145,925.8064516129032,2701.208021428548,184.19197857145195,-146.66785769898434,-127.23621501135341,91.8223369166106,92.84009546539379,93.48473666703346,700.0,
2017-10-10,5660,1602,769,1637,1600,116800,1586.0,1467.1280268320747,1131.0888951762258,870.4301075268818,2525.37085328426,646.62914671574,-130.3228982205742,-141.69237361312858,83.24340214007432,90.21479713603819,92.20365950676215,769.0,
2017-10-11,5660,1604,834,1608,1581,109800,1726.5,1489.2865674080613,1176.8800057336518,863.586956521739,1857.7196631606662,1595.2803368393338,-113.86406724378685,-145.99523870931142,80.87334326330213,87.37072394590294,90.141872182445,834.0,
2017-10-12,5660,1583,895,1608,1583,42300,1704.7,1507.5981006065958,1218.1920052212236,87.9424778761062,1846.522565200319,1562.8774347996812,-99.26534882122951,-143.44142722439008,80.89287173070726,84.73935535216872,87.44162547803664,895.0,
2017-10-13,5660,1591,952,1591,1482,127100,1676.5,1505.8529914053966,1246.1728047362467,84.15730337078652,1854.6982042558193,1498.3017957441807,-82.08266715607601,-136.0119314328213,73.46161788062865,82.31428002389963,84.80811977399046,952.0,
2017-10-16,5660,1438,1006,1521,1438,140200,1652.3,1506.0615384225969,1272.2555242937851,86.16352201257862,1849.281318911207,1455.3186810887928,-68.34107750101612,-125.51570049392916,73.71599772960006,80.66188197767146,82.5718391179133,1006.0,
2017-10-17,5660,1513,1056,1537,1509,79400,1628.8,1508.9594405275793,1297.2299718912618,86.62492885600456,1826.281745991873,1431.3182540081268,-57.62858365755983,-113.33828158676351,74.16055214120007,72.38627294493216,78.45414498216779,1056.0,
2017-10-18,5660,1522,1103,1522,1487,28500,1602.6,1506.6031786134743,1317.1069747213721,85.0967007963595,1793.991117871229,1411.2088821287707,-47.40386217406444,-100.30008166232034,71.89082491291674,59.35980551053485,70.80265347771285,1103.0,
2017-10-19,5660,1481,1148,1503,1466,44700,1577.6,1505.58441886557,1335.4962772652518,85.72244431753285,1749.211654615876,1405.988345384124,-39.254701102957824,-87.20345150847214,72.06787090239698,17.888307155322863,49.87812853693,1148.0,
2017-10-20,5660,1506,1190,1518,1491,31700,1553.9,1503.6599790718299,1351.4466495512302,86.31639722863741,1696.7186262362115,1411.0813737637886,-32.253585882425796,-74.49075463996564,71.48600228725249,16.856060606060606,31.368057757306143,1190.0,
2017-10-23,5660,1495,1229,1495,1450,26100,1530.0,1499.9036192405881,1364.6019846053885,86.12078977932637,1623.914855054984,1436.085144945016,-25.968105244452317,-62.89577764261877,70.26411402061143,16.450648055832502,17.06500527240536,1229.0,
2017-10-24,5660,1487,1266,1489,1476,11900,1516.7,1497.3756884695722,1376.7417861525578,91.78505250154416,1592.3203676267092,1441.079632373291,-21.052761266610332,-52.58341031182138,70.40032812291057,15.306122448979592,16.204277036957603,1266.0,
2017-10-25,5660,1488,1301,1540,1488,37600,1509.8,1501.4891996569227,1391.0676075454885,95.65764631843928,1568.4637878081412,1451.1362121918587,-18.646904996483045,-43.6258054424051,71.96759821011312,18.09720785935884,16.61799278805701,1301.0,
2017-10-26,5660,1520,1334,1528,1502,15600,1501.9,1503.2184360829365,1403.060846797108,95.03144654088051,1526.790962215202,1477.0090377847982,-16.02918982912047,-36.28653018385449,70.89746963968695,21.781115879828324,18.394815396055616,1334.0,
2017-10-27,5660,1501,1365,1519,1480,18500,1502.5,1503.3605386133115,1413.1547621220695,100.40053404539387,1527.274987386447,1477.725012613553,-13.44091525954832,-30.186512157024733,70.02531353318481,27.45341614906832,22.44391329608519,1365.0,
2017-10-30,5660,1501,1394,1515,1500,20800,1503.2,1505.294986138164,1423.2392859140637,100.46449900464498,1528.8249878048482,1477.5750121951519,-11.736824312159342,-25.08742778531357,70.58206619285114,32.526475037821484,27.253669022239404,1394.0,
2017-10-31,5660,1516,1421,1570,1516,52000,1507.3,1515.7868068403159,1437.2153573278974,102.69382391590014,1550.640973685401,1463.959026314599,-12.483691230476097,-21.20740879158153,73.20805382715218,49.53617810760667,36.50535643149885,1421.0,
2017-11-01,5660,1577,1447,1584,1536,33100,1512.1,1520.9164783238948,1447.893821598711,103.20855614973262,1559.7860566622849,1464.413943337715,-11.728226029629468,-18.148911561211712,70.5772559456734,62.27180527383367,48.11148613975397,1447.0,
2017-11-02,5660,1547,1471,1559,1520,29500,1514.1,1520.9316640831867,1455.20443944106,101.33244503664226,1561.4324413061343,1466.7675586938656,-9.79442724660612,-15.653449490565082,67.41884352578035,66.95095948827291,59.58631428990446,1471.0,
2017-11-06,5660,1545,1494,1577,1539,30200,1522.3,1531.1259069771527,1467.383995500283,105.48494983277592,1580.678420670644,1463.9215793293558,-10.76864261666401,-13.964620309699715,70.84044790395151,72.97921478060047,67.40065984756906,1494.0,
2017-11-07,5660,1584,1515,1584,1563,9700,1530.5,1537.2848329813069,1477.145595952656,105.52933243425488,1587.5140333602064,1473.4859666397936,-10.542922478960008,-12.796860444405233,69.16425912506998,78.50241545893721,72.81086324260356,1515.0,
2017-11-08,5660,1574,1535,1623,1574,46800,1544.0,1552.505772439251,1491.5310363605754,109.08479138627187,1614.7502650171627,1473.2497349828373,-12.650345078699957,-12.130576009096002,72.44136719270287,93.65079365079364,81.7108079634438,1535.0,
2017-11-09,5660,1621,1554,1621,1585,45900,1551.7,1560.5956319957506,1502.0779327266196,105.06578947368422,1626.94387018222,1476.45612981778,-12.579974374564017,-11.747329847478618,69.05421681831828,90.20833333333333,87.4538474810214,1554.0,
2017-11-10,5660,1590,1572,1590,1578,10000,1559.3,1565.3964261783412,1510.5701394554806,105.02978160158835,1631.870241835058,1486.7297581649418,-11.683724224854586,-11.552086399179315,67.63517914348405,87.66859344894027,90.50924014435576,1572.0,
2017-11-13,5660,1595,1855,1595,1560,10200,1565.8,1566.0516214186428,1516.4131255108757,104.3218085106383,1628.3447040124008,1503.255295987599,-9.886763378132628,-11.346524073176347,65.04416804355873,76.47058823529412,84.7825050058559,,1855.0
2017-11-14,5660,1561,1590,1561,1536,24200,1568.2,1560.9513266152533,1518.5718129601019,101.58520475561428,1624.0984794068575,1512.3015205931426,-6.935381777947441,-10.730045245117607,60.72928833572681,62.20302375809935,75.44740181411125,,1590.0
2017-11-15,5660,1536,1561,1542,1492,21500,1563.3,1552.4147217761165,1518.114631664032,96.86500319897632,1628.0521428216769,1498.547857178323,-3.616434793885446,-9.828735107812715,57.54646029167939,42.725173210161664,60.466261734518376,,1561.0
2017-11-16,5660,1500,1542,1525,1500,10400,1560.6,1545.9756814531863,1518.0031684976157,98.25129533678756,1630.4008595935525,1490.7991404064473,-1.3969496110162254,-8.895682037191616,57.84388038712513,30.069930069930066,44.999375679397026,,1542.0
2017-11-17,5660,1526,1492,1540,1521,15500,1560.7,1541.6164666435159,1518.4028516478963,100.06574621959237,1630.2761453373125,1491.1238546626876,-0.08231503765841808,-7.708312306190995,58.36738858599669,24.22062350119904,32.33857559376359,1492.0,
2017-11-20,5660,1506,1492,1521,1503,5200,1554.0,1535.8680181628768,1517.5625664830268,95.75142675967025,1628.720813700058,1479.279186299942,1.3639703670044128,-6.3853242121949485,56.55225451850841,20.98765432098765,25.092735964038923,1492.0,
2017-11-21,5660,1512,1492,1535,1512,9800,1550.5,1534.8011057696267,1518.806309834831,97.76357827476039,1626.105555351434,1474.894444648566,1.3779490911758785,-4.826624859986522,58.849197361733886,21.882951653944023,22.36374315871024,1492.0,
2017-11-22,5660,1535,1492,1545,1535,6500,1542.2,1535.3827229024218,1520.725678851496,94.87970388648982,1601.4877727697603,1482.9122272302398,0.9757824093480849,-3.320429661774066,59.76547377920234,25.954198473282442,22.94160148273804,1492.0,
2017-11-24,5660,1538,1494,1560,1536,6600,1536.4,1536.040409647436,1522.5531109664735,96.36819035691923,1583.1264379125853,1489.673562087415,0.6273685813616794,-1.95253046108337,59.88571184597234,33.33333333333333,27.0568278201866,1494.0,
2017-11-27,5660,1546,1497,1546,1532,11400,1531.4,1536.2148806206294,1523.9977998699164,96.8494013862634,1563.947810986281,1498.8521890137192,0.464523264528907,-0.802387500787644,59.50271556344497,35.11450381679389,31.46734520780323,1497.0,
2017-11-28,5660,1540,1500,1542,1517,9800,1526.9,1533.9939932350605,1523.9980198829248,97.131931166348,1547.7508992611504,1506.0491007388498,0.9399964880719835,0.07265452877006989,56.953032294665455,31.552162849872772,33.333333333333336,1500.0,
2017-11-29,5660,1529,1503,1557,1529,16200,1528.0,1536.722358101413,1526.498217894759,100.71521456436932,1551.9999999999718,1504.0000000000282,0.07908616283725678,0.4832679684059258,60.461748532477245,34.271099744245525,33.64592213697073,1503.0,
2017-11-30,5660,1649,1506,1649,1609,91300,1539.4,1553.3182929920652,1536.6483961057456,107.52972258916778,1602.4694854902014,1476.3305145097988,-4.152271170024278,0.17712112851614215,69.04742057054628,53.956834532374096,39.92669904216413,1506.0,
2017-12-01,5660,1630,1517,1630,1582,25000,1547.5,1561.442239720781,1542.7835564954228,105.33948582729072,1617.4156634810738,1477.5843365189262,-5.504197020883566,-0.4253102029533188,63.41580272226987,67.49435665914221,51.9074303119206,1517.0,
2017-12-04,5660,1598,1527,1609,1591,19000,1554.4,1566.8163779533659,1547.6052008460586,104.53350854139289,1626.473296025635,1482.3267039743653,-5.926909996207314,-1.235408021087955,62.14220048303119,72.39915074309978,64.61678064487201,1527.0,
2017-12-05,5660,1594,1536,1651,1594,44100,1566.7,1578.8497637800267,1556.1446807617365,108.14569536423842,1645.8962120306196,1487.5037879693805,-7.969149241158675,-2.273974502458461,66.49068389683954,73.15010570824523,71.01453770349572,1536.0,
2017-12-06,5660,1633,1547,1643,1600,22500,1575.8,1586.5134430927492,1562.6302126857568,105.94771241830065,1656.9260747232288,1494.6739252767711,-8.552537368782396,-3.3326767000285145,64.22094559828835,77.30192719486081,74.28372788206859,1547.0,
2017-12-07,5660,1628,1557,1628,1618,6100,1584.5,1593.5109988940674,1568.867191417349,105.65669700910274,1666.2031211154074,1502.7968788845926,-8.868906643826676,-4.3878183917161095,64.65407509908641,83.84279475982532,78.09827588764377,1557.0,
2017-12-08,5660,1625,1566,1629,1605,6900,1592.4,1597.9635445496913,1573.7804722757332,105.13320337881741,1670.1596296287412,1514.640370371259,-8.487097948662267,-5.382442970959573,63.211924381646526,80.08948545861297,80.41140247109968,1566.0,
2017-12-11,5660,1620,1574,1629,1610,16800,1600.3,1601.2429000861111,1578.002425048252,105.1398828887443,1669.5245621148954,1531.0754378851045,-7.875193664284325,-6.361908543443608,62.7810408480723,78.39080459770115,80.7743616053798,1574.0,
2017-12-12,5660,1623,1581,1636,1615,17500,1611.2,1607.016918252273,1583.502182543535,107.1522309711286,1660.3511953059035,1562.0488046940966,-8.003283266727522,-7.259949591173028,64.96699896567573,79.57244655581948,79.35091220404452,1581.0,
2017-12-13,5660,1626,1588,1627,1607,12500,1617.0,1607.0138422064051,1585.851964289223,103.74435119431891,1644.2176413379098,1589.7823586620902,-6.643735204789891,-7.536778928369206,59.23669640732741,76.16707616707616,78.04344244019893,1588.0,
2017-12-14,5660,1607,1651,1609,1591,15500,1614.7,1606.647689077968,1587.766767860331,98.58722358722358,1641.6970368744255,1587.7029631255746,-5.426695433484838,-7.528167640880459,58.807006501729504,73.13432835820896,76.29128369370153,,1651.0
2017-12-15,5660,1608,1609,1610,1569,40700,1613.5,1602.8935637910647,1587.5900910742953,99.24906132665832,1644.175723300341,1582.824276699659,-3.558954805724852,-7.26506150860463,54.74433424589133,61.442786069651746,70.24806353164561,,1609.0
2017-12-18,5660,1585,1607,1593,1573,37600,1612.8,1599.4583703745075,1587.231081966861,99.5600251414205,1645.7338731399614,1579.8661268600385,-2.0928240790649397,-6.612136490594215,54.31893662856695,54.35897435897436,62.97869626227833,,1607.0
2017-12-19,5660,1580,1593,1589,1580,6500,1608.0,1596.8295757609606,1587.0079737701722,97.06062461726883,1641.7401837576363,1574.2598162423637,-1.0821256155086303,-5.782090740230463,54.50927808631167,41.42011834319527,52.40729292394044,,1593.0
2017-12-20,5660,1580,1569,1604,1580,9800,1605.3,1596.315107440786,1587.7071763931622,98.33436150524368,1638.7669986703177,1571.8330013296822,-0.7800489443166043,-4.883328773618233,56.27512462831293,33.56643356643357,43.11517542286771,1569.0,
2017-12-21,5660,1595,1569,1599,1590,8200,1601.8,1595.1669060879155,1587.9364587538482,97.84615384615385,1633.5716855076817,1570.0283144923183,-0.36694938399227794,-3.981090044210456,55.24863666475426,25.203252032520325,33.39660131404969,1569.0,
2017-12-22,5660,1592,1569,1599,1590,22600,1599.5,1595.1365595264765,1588.6428128784694,98.57849196538938,1629.529985014965,1569.470014985035,-0.3067912390342826,-3.140156441404896,56.321151414720354,29.268292682926827,29.34599276062687,1569.0,
2017-12-25,5660,1600,1569,1612,1598,39000,1598.8,1597.657185067117,1590.678531590638,99.56683168316832,1627.558303148813,1570.041696851187,-0.9027829181695779,-2.3512119582317914,59.2649492370574,36.554621848739494,30.34205552139551,1569.0,
2017-12-26,5660,1604,1570,1610,1595,22400,1595.5,1598.0831514185504,1591.6106784315805,97.97917942437232,1613.2820133842883,1577.7179866157117,-0.8630608881021544,-1.7089148119331539,56.62297464694581,43.49775784753363,36.44022412639994,1570.0,
2017-12-27,5660,1600,1571,1615,1600,13900,1596.3,1601.158942069723,1593.9496105884368,100.49782202862477,1616.6184645088897,1575.9815354911102,-1.5019241019613219,-1.272829108430541,59.83659573943044,56.25,45.43412656542434,1571.0,
2017-12-28,5660,1617,1573,1623,1611,11200,1597.8,1604.584588966137,1596.5546495296076,100.93457943925233,1622.2589451939166,1573.3410548060833,-2.1189415358976476,-1.112827634005296,60.877066180014836,63.681592039801,54.47644996244484,1573.0,
2017-12-29,5660,1620,1577,1624,1608,8000,1601.4,1607.7510273359305,1599.0991845766594,102.26986128625472,1628.3250812440565,1574.4749187559437,-2.5637243669962118,-1.1651498882198819,61.30883936012843,74.6268656716418,64.85281923714756,1577.0,
