2282,0.3854226693107717,0.4205105802810643,0.4292453493914666,0.5971164548579034,-0.4054820585980804,0.49099145574833963,0.5463709606609192,0.6732335261072829,-0.43109290562137076,0.38349660491502374,0.5105206491882456,0.6412003599821008,0.5937340818768674,-0.4398896585611458,-1.0047595440542332,-1.0517368272135657,-1.4604045071048295
8750,-0.7786395622120333,-0.807835863182722,-0.6765579699528359,-0.9169902132496525,-0.8554328705834768,-1.1085320568377857,-1.0555078884464093,-1.1202066083350128,0.31720690558536396,-1.3089477498867532,-0.754526045885977,-0.11262951228450122,0.35493408565634044,0.08803067868961628,0.8832449626685729,1.0280500772181786,0.6140322732002034
2269,0.6501580372365869,0.7086786485171204,0.6805990837997902,0.5188483384218554,-0.7754055592444401,0.8069032278869125,0.7779073547867297,0.9302628540981503,-0.5925075091529266,0.6083913402293311,0.9368432162956847,0.5921461462363032,0.5834042881244408,-0.08740527219075747,-0.6934866507787829,-0.9517670773168985,0.8560615164338101
3407,-0.12586344355636003,-0.09778451932374047,-0.09186588343738755,-0.17803275433143775,-0.47510612926301016,-0.2605236173896308,-0.241606232252027,-0.2549740594174653,0.40867686990671576,-0.4952610965436783,0.00773621809346467,-0.11215773366228327,0.22873089298485327,0.185681755382973,0.4940093942903203,0.4741366382555317,0.6907467686824471
4208,-0.410850224326033,-0.2949323955877594,-0.31224006170957286,-0.1499981313479569,-0.8219610356923044,-0.32626009155198543,-0.3310092358299259,-0.2797596769754268,0.20270408874446794,-0.5692886747100194,-0.0744425804709349,0.11453126617131261,0.6796498324553901,-0.29214529517629917,-0.02318749088565649,0.26666372256861604,-1.246178400186243
8354,-0.6265127524289212,-0.6315704009191487,-0.6342293427983062,-0.6229346695965079,0.35175968212242315,-0.6416418888654937,-0.6359782558265493,-0.6260447662842431,-0.2087529403765705,-0.6509239064817766,-0.5184104143338109,0.2363649055704251,0.3050035224067578,-0.5481904211962749,0.26152266576040883,0.11947700442181512,0.1579141728858496
9062,-0.041603633600230644,-0.11228841075743838,-0.034993128385829464,-0.26803863523801374,0.705210495104747,0.1719710859661599,0.1996391842513647,0.6977718807132409,-1.376421883866158,0.44604539954484185,-0.11691088998283634,2.235355509177437,2.256749892154222,-1.1748146107389783,-1.0879702262589364,-1.2691878001711765,0.7423662706809409
8630,-0.010429691780754325,-0.08136120406507442,0.0945167924486789,-0.4213321689865065,-0.7898735083760882,-0.3437584298014016,-0.24179301422276644,-0.12464601623069799,0.0815153148636504,-0.648602112540988,0.013940088311131289,0.29531491024838225,0.9021747389636297,-0.15386166064711324,0.0030992685073396656,-0.35238816111672594,0.7358400281437871
4751,1.4142277964879961,1.7233990299248023,1.5460084823257736,1.2745201046021881,-0.23885432998689105,1.4238903082566678,1.5141092007565786,1.491030314992631,0.22386239390950713,1.2760875804017224,1.4960397726687327,-0.2641625277477185,-0.07919240375175812,0.8186658091330614,0.2966804574952192,-0.38093802753488026,0.8633716447580226
5301,0.8894272161152603,1.245761145472804,1.056967875462068,0.7584501683965863,2.0589282824790867,0.7704244962947939,0.8994535387386688,0.9386793310192528,0.6460338708251587,0.5770684823242329,0.9054950293595434,-0.34502733123336077,0.1947195238303007,0.6705978485889676,0.8212695512846567,0.42337693807814225,0.8734209566615021
7270,-0.5304933650709096,-0.5198627109084031,-0.46912217424795033,-0.3694641871067786,-0.2577493107653327,-0.4696757372448087,-0.47343701722178444,-0.4309957171156847,-0.29164842814929964,-0.6465619738605205,-0.2948611801411205,0.4752732776928019,0.798526553495279,-0.9017654471868778,-0.49421367621842993,-0.4626754218186193,-1.2950757999922387
8802,0.12195372748889646,0.12517659974902356,0.18990918029417014,0.17949947285919687,-0.46968443567723195,0.19930405937357698,0.18759981139405102,0.3123139910426837,-0.14683534001305307,-0.22244143028112792,0.6669313489664904,0.46619270786296046,0.6667960573157601,-0.2724012818445942,-1.034413635010436,-0.9787819296031132,0.7359961691028027
8355,-0.7526426673706644,-0.8675541870947648,-0.8636193530862569,-0.8061017696829353,-0.38676975581004674,-1.00973459094412,-0.9166990926584161,-0.7440147758497545,-0.4844740322898388,-1.4080178238887455,-0.5342393205683776,0.8031035659636125,1.4238686926632669,-1.1042455837849006,-0.8017934441224932,-0.7419284995705806,0.6689836459907372
5711,-0.9949806620109068,-0.9620623264775978,-0.9560533787962515,-1.0622661099102442,0.6960266787686593,-1.179329877886305,-1.0678629315612829,-0.9841865725848642,-0.3103978161740404,-1.243862329032311,-1.0155706766574384,0.29203908442576515,0.725419486913067,-0.07786050313188374,-0.46788102054274344,-0.6552118597611335,0.5907419230514398
9301,-0.805110208956457,-0.8243643778523135,-0.7762375354792544,-0.8246148658484214,0.24325737011082624,-0.8737655384235085,-0.8851508722364376,-0.9563824385463722,0.21939023212625797,-0.7994503813943997,-0.9092134649037139,-0.32095032905437726,-0.3195831567296106,0.267069358636986,-0.32704812616430334,0.05029665908884508,0.6122083790357398
4631,-1.0643139343951633,-1.0280825466926942,-0.9748078024882171,-0.7144300278691497,-0.7570180957403967,-1.0989465724464336,-1.0690362207284863,-1.030848651809487,-0.020918659904969487,-1.2800513310547632,-0.7928673168188625,0.16044288017761132,0.40741107274864247,-0.24944308739221746,-0.5988398978467395,-0.13879175428959345,-1.304573327208677
6971,-0.3868784797665979,-0.3088453084124181,-0.3362764211228939,-0.5004374548109858,0.1777172605938796,-0.604871113442631,-0.5535453398772137,-0.5532684458148593,0.27297811735809496,-0.8344229008882277,-0.2816636555490615,-0.12569913636338992,0.37781621852550823,0.3160827326446921,0.6386469258832217,0.5562763659277593,0.7496930523117982
8035,0.03892322817765383,0.06773455686237095,0.0982385907738455,-0.14272534854970603,-0.2881271081202892,-0.06079471296126196,-0.04104318626496728,-0.006938657693699757,0.06028534360632333,-0.15710413417094057,0.039592211269275576,-0.03368993569764165,0.6510629004934273,-0.022054461258775596,0.6514494709222973,0.6661679123083798,0.6968082081818338
5707,-0.7647832535124022,-0.7867526178096312,-0.7282611937574689,-0.6695967442735591,-0.5400783135189018,-0.7504341008682553,-0.7628669103257392,-0.7141460799426964,-0.470370962031499,-0.8349584285725912,-0.6271437999357428,0.32652005139930285,0.5566244251056012,-0.6064167483551689,-0.7594893375912898,-0.4614821416655632,-1.1751079651074645
5713,-0.13546947444471216,-0.20443909144764588,-0.13736533542339383,-0.34682711513049175,-0.39136279310515903,-0.1997173678175647,-0.19688654687736046,-0.14415122365075533,-0.43612391484149715,-0.254650854463459,-0.13448137974915617,0.4187445901700704,1.134040566708898,-0.2935715778611681,0.392510787646944,0.6987100932294349,0.7858325270728524
9101,-0.3483589712821897,-0.3899498041279082,-0.3090918879339496,-0.3374301369582605,-0.4953495311713382,-0.28780945782123335,-0.3234668281987865,-0.26267099756607093,-0.5034774899969506,-0.41671631954728505,-0.13151973522674093,0.4175905656439963,0.5370471689773435,-0.48305202378605333,-0.7999966575758658,-0.502563982675437,0.7599364339458133
5101,-1.0043959596224379,-1.0211843381914465,-0.9224192108579856,-1.063629822564421,0.12624844163491694,-1.2366302499455761,-1.1207157108321384,-0.9877565826760115,-0.21007889199177854,-1.483753930197563,-0.8942461118085436,0.5735940114066973,1.3822818376602308,-0.5064059024395863,-0.571819180074842,-0.5082798354788618,0.6964230527727175
6178,-1.9938720187665193,-2.031723187353287,-1.9244820334856967,-1.2858473107287451,-0.15811955865033794,-1.9801713747092229,-2.0382733899708767,-2.0244848824080623,-0.29762745159479187,-2.119406294652817,-1.6960958800822767,0.43000011758724327,0.7464673596403785,-0.9828474090637923,-1.0179773997291768,-0.5204824240598641,-1.493966015368413
7272,-0.3253840133864183,-0.28034025653579,-0.3070320469010109,-0.5356641222251364,1.0294520128848044,-0.5119470139726405,-0.5035008429108203,-0.5077583045794312,0.983471541116815,-0.6055374162335334,-0.40694690249407806,-0.3710889718869066,0.47674065385444075,0.5596845433197055,1.3267795289320234,0.9414603449966584,0.7837536860772748
4021,0.06846120589548722,0.15965076378958726,0.11429497217650038,-0.08103927610698859,-0.012323820455650046,-0.07106402545971935,0.028551256731092142,0.0768193718245781,-0.14598188926594022,-0.18665164854371424,0.055855311394906,0.22760035497398037,0.6363018091523076,0.11857476770329393,-0.2096066303123421,-0.32160480241996053,0.6713003844349931
7267,-0.6827101209674548,-0.6099544552840688,-0.6077517600158648,-0.7580455982886689,0.18015137013270138,-0.8376248090263486,-0.7660874618163926,-0.7048485673189161,0.5388555635672083,-1.033402936060681,-0.6149782430853302,0.13712809750585658,1.3988071693446444,-0.08450656655107433,0.4261874719518217,0.05505937144890473,0.7203447813202926
8801,0.15139623313867392,0.08692922614141017,0.21560646454890556,0.19435756178036648,-0.9235731432980901,0.06359571281581225,0.1239237439640527,0.21699645352697086,0.11952194812844863,-0.3609008973808246,0.5263876354200763,0.1075951749463081,0.4437151101509839,-0.18892854978456392,-0.020985593029468275,0.14873045114631117,0.740572924246115
4578,-0.8575232797978204,-0.8202984128766743,-0.821335176940859,-1.3147279432686911,0.979852741567029,-1.1737453638396809,-0.9666221436633153,-0.5252467073638847,-0.9695043450608779,-1.0256062294068715,-1.029021963557393,1.6350493878433672,2.3073383489693007,-0.5559644473749019,-1.022163967153671,-1.4213584749003376,0.6031769172443594
3405,-1.1364754113093027,-1.1532708815765815,-1.1166950254207133,-1.2066576300731744,0.1505750076793046,-1.3459331740065252,-1.2208419701122954,-1.1142221505934229,0.17487142350877713,-1.5324496161860457,-1.087012507791528,0.254292592663044,0.9581444204861197,-0.2379292146269439,0.016675174178510957,-0.06361390470682474,0.7104959566373041
5706,-0.002277280941090647,-0.005751541709852209,0.02661631520597064,0.07737416950851997,-0.42849080187266986,0.05015489772638549,-0.007142826178191097,0.04076083982774827,-0.6308629311148932,0.029782647105223135,0.07112476030690415,0.5609262633398527,0.798684524172673,-0.2015288017118935,-0.47848392537574685,-0.3335047284810281,-1.1428766808811737
2914,-0.2891631552694352,-0.14884022361362043,-0.19680154016414173,-0.20543995697242212,-0.19713175255382887,-0.11038223195970762,-0.17370597248774627,-0.14607177557389886,-0.5914626843332798,-0.2875262594601111,0.10683416343732348,0.4493789820297123,0.27881611181168003,0.02985972205583774,-1.2295425903643666,-1.252032155860415,0.8097532999515517
2531,-0.18083044066736412,-0.22122749493480412,-0.2314929897038322,0.13829700690363708,-0.0011177708367138522,0.0371932830742638,0.055124989436447544,0.24039517601373245,-1.0287564862739391,-0.09559893301054952,0.18214866458063983,0.8747165954974125,0.57310443420297,-0.7882080048789218,-1.2419856307318935,-1.3066846518970656,-1.4054100016570885
4183,-0.5083826077694898,-0.4707801560104666,-0.4188274815405841,-0.48596622884011115,-0.5176932980441821,-0.48904016743954315,-0.5197362311268672,-0.4840425897725842,-0.029950172340308254,-0.7371740797413793,-0.2223201862579232,0.042698186944928135,0.3510236028419915,-0.1324040381044202,-0.3697507617105388,-0.07151685333806282,0.6429392207166332
8795,-1.0110152958143293,-0.9836732610320843,-0.9260740476289772,-1.0215823532633,-0.5079826774124799,-1.1437073767967745,-1.094836500224404,-1.040558984905175,-0.3030801647442663,-1.4782134257865605,-0.7115772076977225,0.5115802996356875,0.8924145934752551,-0.716394427831861,-0.7819392174009088,-0.7471757140759105,0.7011729963857148
9104,-1.0730011766448035,-1.1358872036232364,-1.055963944614659,-0.9156595559491416,-0.0997969693879112,-1.162214193588566,-1.1159509994791095,-1.0730247963503863,0.007817582548375985,-1.3278383296388654,-0.9216120255541943,0.10687815512830032,0.4534758303498706,-0.4251573451805778,-0.38699276136312943,-0.0006501984190494844,-1.0179158987471146
3401,-0.5797014047255661,-0.44384895962746773,-0.4976703001250966,-0.5474916890723027,-0.2273325681019461,-0.607427395365242,-0.5938052905550607,-0.5973194946441346,0.29588088139330393,-0.7683517034439903,-0.38049309301980483,-0.14859820928963946,0.19034680843356191,0.29889594155755994,-0.04518909850105799,0.3099060743056743,0.7559439530569708
9064,0.3160307623894778,0.4282389029311249,0.3433349573759353,-0.004740622478349781,1.9012450292104672,0.08029948636519464,0.28985368111656706,0.4911700390409558,-0.711246978073192,0.009244104016646654,0.1546494052110921,1.4838869964560228,2.151308698526876,-0.35824003064299137,-1.1481556888621338,-1.6193028244710923,0.6280580098229968
4568,0.8408079730003171,0.8909245643227549,0.9306676229314315,0.41668077628554984,1.0807193082429791,0.4514579092749524,0.6246612563970384,0.4615619526031872,0.6763414097072498,0.533059681422064,0.3437168738627653,-0.953236683511115,-0.644690357056427,0.7409334255067229,1.0977417199981836,1.0417457790369986,0.6868952780868538
9501,-0.02921167576407723,-0.08550526995375676,-0.06349017564994462,0.19308816004851562,-0.3386649551415248,-0.02271012713816566,0.0028638850454020624,0.057589157146183935,-0.45372270069154613,-0.14788308632952685,0.1267555486983988,0.3345382466758135,0.29564488968163266,-0.6942948437081816,-0.7119846972947588,-0.33733876272734686,-1.6192866185969401
1808,-0.2235677039324493,-0.29187945945191585,-0.25154249473479195,-0.3858291957065386,-0.7278241853754055,-0.3582091483917997,-0.35014187510755695,-0.26858228690284985,-0.44901688775099,-0.5961770384380681,-0.11027561471336671,0.44453030700220086,1.0218868421807417,-0.5631761233075078,-0.5126185634931588,-0.5710086002802198,0.7740564004608589
8804,-0.06993926293027423,-0.0909739368955634,-0.010528518912035165,0.07124061041255791,0.17485774560056042,0.04502771167688252,0.004749934651924824,0.06527970148275508,-0.6069120613966449,-0.04949509385567197,0.14089184273086217,0.8247281434891475,0.5380669671154471,-0.6897453155869989,-1.270824163202914,-1.2832523066840777,-1.3534262668851946
2871,-1.703807814331409,-1.6424676110253198,-1.7059854883119214,-1.4671367136728435,0.08072008151331414,-1.470369768512231,-1.5078371898119094,-1.26531404478352,-1.3208658926997416,-1.501348571481372,-1.2065291844455595,1.3880036783298724,1.3799797280134982,-1.1928890492917228,-1.3725980843856211,-1.5313675701274831,0.6708140096875062
8233,-0.8511160302840353,-0.8669795255480461,-0.8585729129547133,-0.8813579328941281,-0.4083410249587892,-0.8761354406414317,-0.8850196960592905,-0.8993616667344264,-0.23740418927014445,-0.9040266013567632,-0.7168555154284882,0.13796762663975493,0.1802488003678238,0.2526487795051492,-0.6346876655304289,-0.6723177860791456,0.4760329051379366
5703,-0.8467921472543379,-0.8003143578563087,-0.8239804635002532,-0.5733375140757523,-0.1988359419295931,-0.7224435180632126,-0.758770186442726,-0.710480068296902,-0.33519391084199235,-0.8873443631570914,-0.49984925477717007,0.19743344485698677,0.2705425418457394,-0.34756918428936334,-0.7634149732165726,-0.3052621913868279,-1.3839460590431065
8031,-0.07957773852416852,-0.19355904296729962,-0.04153720735511386,-0.25524367246194596,-0.797066436204527,-0.46105967491961225,-0.3821003714337435,-0.44766273559551256,0.4675141401692348,-0.6582551487603319,-0.1822754282937559,-0.31027963559182364,0.34102488137360587,0.061041829408563536,1.2224692421886403,1.2653005255305667,0.7329381985817397
4151,-0.11864563140089211,0.0005560840985098673,-0.032826967153028415,-0.2813025248174159,0.4052794960553723,-0.20705857533305058,-0.10020318325883261,0.14727062565284413,-0.27840693388708515,-0.5161289157255851,0.12433884127164609,0.9114111049718691,1.4628393152547061,-0.17481734393317266,-0.7908128038317184,-1.0287609798613548,0.6856044662861374
6752,-0.12247487118879942,-0.060554244303585705,-0.06601068346935128,-0.16521001839882518,0.04265609310083457,-0.07446662911059214,-0.10171033323084971,-0.023996303065756765,-0.5149059300251975,-0.09128915247754511,-0.05677548268429809,0.964373800596347,1.486217613383847,-0.35398987154283634,-0.6814959362306783,-0.9419584365694148,0.7945245930877334
6988,-0.09083026548755423,-0.08205326151109354,-0.03371843022792428,-0.16039691841115972,0.20824214867337604,-0.052193473422041343,-0.10199655112309508,-0.0700677976460837,-0.3342808514349179,-0.26633272561148735,0.1672002517186361,0.25443185438858457,0.37341505593600455,-0.32937561363233503,-0.5573542975660963,-0.6028671439705631,0.7559229943508831
9107,-0.7774788492922414,-0.782522982305829,-0.7422465849996651,-0.7578836265393595,-0.775823697365826,-0.7090776725904373,-0.7197116651178488,-0.6165143818329963,-0.7262305980426795,-0.7799186915153677,-0.6268283627856154,0.9968733082354457,1.2291994444955048,-0.8639848181605958,-1.097193412794911,-1.1556651387757373,0.7278202316975397
3402,-0.6353836227844383,-0.5764672443819566,-0.5962088422824358,-0.49374287121787397,-0.7105731830444392,-0.6448699023824171,-0.6591472683203787,-0.6476353453247531,0.12557639155659864,-0.8056041096791514,-0.4606914767290799,-0.12064727737664702,0.23092090339104238,0.07623843560591959,-0.16338125202682016,0.023368420147413034,-1.150108264486183
4543,0.59795318823177,0.6617865097349067,0.6888518807304554,0.1525257399987739,0.44887106236368574,0.07622372214775237,0.3509077243002282,0.5587048493143613,-0.1445101373859142,-0.037722906209756976,0.19561873679220737,0.8344106962780881,1.9149332114725788,-0.0077062352934262855,-0.5749799864255589,-1.1611790006154454,0.7132279802879978
9503,0.13298200315463593,0.05404267141597649,0.16329513281284816,0.1823773568792335,-0.8459553449715189,0.1519769057485171,0.2013111318951175,0.2706569580592216,-0.6647934517574692,0.0030155490942587295,0.2983628055565628,0.5504063420861736,0.462459128653409,-0.4751803507399288,-1.2116253424485306,-1.2449642682281945,0.6516120330033083
4755,-0.7036511430504757,-0.7263939419826203,-0.633501074140877,-1.0611118828811943,-0.24053292474090573,-1.0714840576256166,-0.9950280236713361,-1.204452998192913,0.7448764736117305,-0.7597525926216709,-1.3200699310338868,-1.4356755282323894,-0.8375924361525886,1.266299250420565,1.2066380304273432,1.4770797848005484,0.7929758884827637
1605,-1.18713128154142,-1.1323817725675696,-1.0988753938944413,-0.8506273244586033,-0.5490580057805449,-1.2160168363613921,-1.236241410481368,-1.3592058625981547,0.31171952645441164,-1.4086424545402985,-0.9182821882790528,-0.36156975403339325,-0.18058627225433366,-0.16520284894378479,0.7578578447122901,1.1374261364061773,-1.340811709149283
7261,-0.39051108557275255,-0.3811834852481229,-0.33058958430511814,-0.4269615263726396,-1.0062450265512168,-0.3607170058725665,-0.3703537945666472,-0.29730917847095073,-0.32013473248616725,-0.6175626256624138,-0.1040672515118191,0.5446483858907537,0.9857314423305635,-0.699083285630391,-0.35110974518497884,-0.5075887058644065,0.759503600019079
9502,0.4966762789545262,0.46311375247378556,0.5236455681864088,0.5337609342735326,-0.003040457033612677,0.5055454021384342,0.6058931173101052,0.6342915459038317,0.03794870192461724,0.46209472924310396,0.5240782099912548,-0.02247321629671023,0.28652574927473107,-0.16560415384617913,-0.0947061220174586,0.03958281964897081,0.7845478776592868
5714,-0.8397446926556829,-0.8477939529204724,-0.8322771967667254,-0.9624442090771081,0.420391594039374,-1.0460663763118203,-0.9592193784265355,-0.8826563077789585,0.016627551202620435,-1.1973464806201017,-0.8232742513709986,0.19348755139553914,0.8394585913060107,-0.27946958100608604,0.1310944312727985,0.08721028489722185,0.5851849856092073
6976,1.9999607626158498,1.9874047508880575,1.9647811188638973,1.6427390281723444,-0.6961579171184068,1.6945390155172004,1.7377449350190963,1.5030004059242033,1.0688068828314627,1.6262804456645787,1.7040344267047662,-1.8931702026589,-1.942155005378666,1.2735763727991825,1.1912263337837126,1.3056197423506428,1.0345142075019405
9613,-0.10830305044947203,-0.03789916147628844,-0.046487809492188996,-0.3059961239138012,0.4253070972366126,-0.25555537780215287,-0.23981687777282626,-0.2817307598468766,0.31661350345610045,-0.3987554221624558,-0.08776162856553976,-0.2211427228086108,0.021962524462688076,0.6809652623282892,0.540699566116929,0.12910546113512483,0.6335531995170912
2801,0.02054608370536613,0.10789386410505736,-0.000566312556444383,-0.1486437943122238,0.5226968567556778,-0.06825455678036396,0.03496479774965982,0.11521365219334653,-0.8146490295163364,-0.17319188730761056,0.0541656182540467,0.8265622947134998,1.0458660270603914,-0.13185779260366592,-0.9761328017309115,-1.3495332468051955,0.6224775837970463
7951,0.27770173266677783,0.38515561840347984,0.32470492844429877,0.3809272742425162,0.33158816208617253,0.48440657026375017,0.6023767202462342,0.8776071382739632,-1.2119347172640362,0.3142609245493388,0.6194020682425286,1.446645161133628,1.620413682819206,-1.0090541753270124,-1.3224414184616382,-1.2675692690422287,0.7184210071586741
3289,-0.20790589960824704,-0.2168214820556171,-0.14543368963997752,-0.052810821241350565,-0.3848436993079729,-0.10435406004860091,-0.11904914198308301,0.003572559048212265,-0.7906395332906395,-0.23663246762719758,0.037081654650092666,0.9091209944056675,1.0224720717822626,-1.075864478886622,-1.1890698345936102,-1.1752967216041523,-1.3164789769751042
9983,0.16182431574788167,0.3384676829674541,0.16697173567628315,-0.4083306261264974,2.439878783503168,-0.319626028680198,-0.1911633717503844,-0.1503489335520607,0.41439866481002274,-0.17852735133015263,-0.4562477063657073,0.22654963322334357,1.0080563334599058,0.6337343672283001,-0.29505497776610806,-0.9998743343033579,0.6073613177380364
4519,-0.75516126382321,-0.8277038442156521,-0.7499396844814626,-0.6962564877596542,0.7977548055918682,-0.788175550675413,-0.7335151302494892,-0.621326396153328,-0.7218256299115268,-0.9787777772845295,-0.5304138857602528,0.9454850207638121,1.3600212661824629,-1.0559802826938234,-1.274644555106649,-1.3767320783646475,0.5465143393533792
7004,0.19975327270594292,0.14792158128163008,0.20199743779483192,0.17201706452393653,-1.1264954421014264,0.15167681192541904,0.10981418938257513,0.10423472461680885,0.1874028044441042,-0.02186847986731726,0.3154538135434254,-0.41198214956057544,-0.05308862017453235,-0.0728233420840545,0.5319234408156327,0.8536021510452866,0.7699251900988895
7762,-0.5492690472656873,-0.5412887792576324,-0.4959082609707192,-0.6134963720145672,-0.6743823368674554,-0.6272449643495355,-0.6035517413452702,-0.5622479065745575,-0.572991342773164,-0.789966786648794,-0.43934440086414767,0.4328949213272364,0.8544263052588567,-0.44178297371424297,-0.491925098755253,-0.4202148982656225,0.6256071594668021
9001,-0.4863004846662232,-0.5347405072460212,-0.4534584006657242,-0.47411859126740524,-0.550401282722461,-0.3242189712347289,-0.3192825110765804,-0.0773042830960259,-1.055942419006089,-0.4167831280126441,-0.20120691459499998,1.4187892217539824,1.4811274617973431,-1.0507429619442366,-1.1782823703516205,-1.3064500594386868,0.7318654892783012
6326,-0.508942999225497,-0.4864921243372727,-0.41706044240490714,-0.5309796868546373,0.015203658924671576,-0.6496796109914986,-0.6183899360839056,-0.6375341128603798,0.8190733082017554,-0.870846174555141,-0.3764887621809775,-0.31586594679803887,0.14677353540813537,0.11968716306722042,0.5578157454590615,0.6162556470499214,0.6421664837867737
5411,-0.9587572349877407,-0.9299753614124331,-0.8723219455865747,-1.1429474754602769,-0.20174198186640835,-1.2461634825115284,-1.1604541944826996,-1.1827372344021139,0.3726629774128336,-1.3936714315169878,-1.0125994297527363,0.020097547440781037,0.644070237012022,0.15232068413990246,0.5199058097284504,0.23382498598772647,0.7216014173455925
9202,-0.5659952508323759,-0.5351175258055653,-0.4975597106784083,-0.271520665341813,-0.763121946284608,-0.466065062776806,-0.43707441618554627,-0.22225837785319924,-0.3546906159341125,-0.7218597959734706,-0.18184177865648424,1.1907205123789137,1.7846280454828283,-0.7674010129203152,-1.0821511322228916,-1.1006153403029004,-1.3010582428944495
4901,-0.8060704092555612,-0.7400115668942473,-0.7436427562431546,-0.8289795377043271,-0.043513092968473444,-0.9498605642508595,-0.935111991951148,-1.0585901845591639,0.15681150599279436,-1.0213119396116204,-0.7688562875913346,-0.5066711787904912,-0.1732352926235475,0.5218867265941649,0.8869245607065559,1.0240203826662864,0.6340375326054009
9766,0.35306973440830675,0.5983227353731083,0.45727259471150516,0.20394902294928607,0.47339207350943674,0.3569744035673224,0.3420066544116524,0.30998272887735207,-0.2216825161251498,0.22375277850750108,0.4761230909706395,-0.1261164980071944,0.06528397475241658,0.77061333639461,-0.2867990793911498,-0.36392291826638173,0.8593147058521148
7011,-1.208179157781085,-1.1528983769724157,-1.0306739311662736,-0.8961975401749227,-0.5784596219685517,-1.409235119874898,-1.4892975746982042,-1.709183214284334,0.14463038403467754,-1.7189470015459407,-0.6003201719776395,-0.10411142576178185,0.29051974820254817,-0.009397452900591232,0.5213373174636862,0.6790068500084205,0.6458294484591298
5202,0.44643415989759266,0.3839473677723716,0.5114404078561944,0.13976296642104297,-0.36150251552502977,0.2040296820963964,0.31307913397007414,0.3223523930041682,0.21925056703340687,0.14981921483354071,0.24674075830954867,-0.22167479173836938,0.3026106146356941,0.3746581424006762,1.0305978292784743,1.1110478581867562,0.7740421172333578
3101,-0.5953613437024067,-0.4950199502891045,-0.5053141454815467,-0.49713262894171806,-0.18330749128990154,-0.6389779468443623,-0.6323058537319011,-0.6444351009700461,-0.22304788202409645,-0.7951042999489735,-0.45807319396659424,0.019954023161738818,0.23539050840608391,0.13847383249900225,-0.5679659387379751,-0.2679378321702439,-1.3576355295811098
1925,0.2455028720448481,0.18252356359719255,0.2902352056861933,0.1410670728616086,-0.9253601084535038,0.10510517671084839,0.07037788403791441,0.0370920347687121,0.7724047193903718,-0.03960950983538283,0.24621423657604508,-0.5946255778265497,0.006600566072051758,0.5282686476178469,1.3913184090931145,1.4304770468246413,0.716278146981843
5214,-0.33821187325852237,-0.3772806660278279,-0.3690281931978463,-0.541319508144537,-0.2703432031922331,-0.532582633057043,-0.524235867624759,-0.6380310723990619,0.49064715065675923,-0.45749699328485505,-0.5599211534536646,-0.7655224740525235,-0.46598318843714065,0.6618207032935177,0.8316523219362828,1.1994309500265725,0.5976923035109466
3103,-0.6492349300788461,-0.5956827873613549,-0.5888037583477918,-0.62221277092579,-0.5390544894968063,-0.679953141208652,-0.6707007312447701,-0.6712965174984158,-0.14213905488296208,-0.9277102782448309,-0.40545902988323623,0.04952684125018024,0.35094077153914915,0.15963311450324463,-0.30280350539529416,-0.17990851540033895,0.8089121988994328
9412,1.14423488619157,0.9768022876149764,1.0335073312296201,0.42539541480452464,-0.9407892820016606,1.0426393281542885,1.0294791805146328,0.807770743549925,0.4412832920999396,0.96976323927852,0.9649321069169525,-1.0583927693942896,-1.374856610349156,0.568659901008729,0.5415372199230494,0.6891961994735106,0.5853845263696187
5002,0.18177369998568205,0.12709404793405682,0.046177048628031236,-0.4860290950931941,0.7691162202413026,-0.2921140499233567,-0.17772284809335004,-0.30230694036960615,0.93542939845765,-0.0003806934541311769,-0.634055882795484,-0.9858506473939727,-0.31203407371766945,0.7264319294858997,0.7242565973809645,0.27548683852213496,0.538836392884193
4452,0.2625147431717172,0.4556877659230295,0.4110261854203385,0.05822051496504704,-0.22832084589061394,0.07906161275096421,0.29133984076592895,0.48528650813669233,-0.35296343522000617,-0.20016055894183848,0.36564568778271145,0.5526776363440599,0.9316416388192957,0.1916214200010623,-0.5876216692944213,-0.9732137766002872,0.7028936283349234
2802,1.0675435506429178,1.2705131947541501,1.2116092049463842,0.8063782606524696,0.1291936006981465,1.03416613773292,1.0840276109079425,1.1419415389976577,0.14508357418145545,0.8113652913105539,1.1535001085870036,-0.037904515049657875,0.48974445772081177,0.5654468095929019,0.26047212316778257,-0.07688914383735537,0.7099426177772269
7013,0.06679699450662407,0.03638789935512286,0.07515587905171073,-0.0025784165094981937,-0.6386276489883376,-0.04236579071353841,0.011919615532064685,0.10277577034864793,-0.05349074447531815,-0.42170771222838016,0.3361885102294921,0.25181131767908227,0.5912772855642808,-0.2101710769467535,-0.4797595468100699,-0.5451645819972469,0.6975905561976442
8308,-0.2450567705860798,-0.3006248639726233,-0.21972916896515188,-0.7871714253465143,-0.325141624497366,-0.7823478746777639,-0.6440401943948901,-0.6434201521101521,0.4166251606524778,-0.8654885100378378,-0.6251682320245774,-0.22950682748315535,0.7167782346719873,0.16439160694541946,1.445347671941101,1.163961516441182,0.7239866014670578
7205,-0.5041321072887286,-0.5290973200613346,-0.4491844154877867,-0.6604999082526931,-0.5448685898866542,-0.6855243520115172,-0.6831913309218646,-0.6939978313517212,0.3940681765317452,-0.8837807134824907,-0.4627600105229072,-0.40374582092840855,0.18758538292205096,0.2892396850605868,0.8595270651048816,0.6365106204419085,0.7039620354877122
7211,1.2052866481455735,1.139077432259964,1.1843398612138907,0.8314240589380771,-0.6463762273932863,1.0117220441848387,1.1111718406094226,1.116439896605947,0.20011958174405356,0.9584210291546009,1.0033101440541978,-0.5480425799399224,0.03268218616658372,0.5451706087778152,1.0894672306078907,0.9047572321070677,0.782743684971932
5406,-0.2648421880089119,-0.2800067242839094,-0.16880296955420082,-0.4840661375188281,-0.69033366338411,-0.4358797475178445,-0.3645484817955444,-0.27025590412189743,0.2319630511305016,-0.6550591334781087,-0.17995978147307237,0.2898580140018678,1.1282824551965052,-0.37246190629748765,0.19821357426582423,0.06768558797107226,0.6930113654446349
4042,-0.6323164559812651,-0.6294199721791959,-0.6175358571280668,-0.5218998761380298,0.10199128297680034,-0.5614169792756318,-0.5990596623946075,-0.580025265073915,0.11077669888314766,-0.6694794079765882,-0.42953610310882573,-0.0903891058788382,0.10753913082461553,-0.36449645197870806,-0.6378046111872513,-0.06057904223612842,-1.04907929403509
4043,0.3904390903812588,0.3200626274554125,0.27590568389528775,0.14577592587561708,-0.3220220057862257,0.27700690781060594,0.29743941630080745,0.46177987935052567,-0.6173805261625194,0.11854934658058777,0.4183818914032435,0.5731488430572123,1.0496896080654037,-0.5221988607005922,-0.17329950309671086,0.10779315204473557,0.8012069108632852
2432,0.2584961716160506,0.2623183407861168,0.3014839759394864,0.05930036019403058,-0.5832216520767501,0.13894560439815154,0.11408014385914196,0.088634562673339,0.33798828220916743,-0.12239512686665575,0.36861279866081376,-0.23856004860812674,0.08267520942576859,0.48502062396761,0.7766556837288362,0.6212422490433843,0.6998124583122949
4902,-0.6912685763560098,-0.6793850459698894,-0.6619945913200354,-0.6497816989781313,0.05363230036330476,-0.6301230685049769,-0.62970697323352,-0.5160400922897203,-0.8166608984724372,-0.7604103963313482,-0.4384343921999131,0.8209741814053889,0.8541093954788379,-0.6063684234129206,-1.2162055193490209,-1.0681479368526232,0.6538422248738918
8309,-0.4351214450266777,-0.3278593280996794,-0.26767946366635725,-0.5919894025527773,1.178714169154043,-0.8994925286326946,-0.7806323973277866,-0.7425263986615585,0.314130674956009,-1.1946903331545815,-0.4497502283836087,0.12864930939052682,0.9066530433033405,-0.1036709108707332,-0.051424149850693816,-0.005179429137906073,0.6977547423822209
7012,-0.2389939200539691,-0.22354219078973403,-0.17850982052052158,-0.2774532166690808,-0.6957930752759987,-0.2690555849994222,-0.2881247024555512,-0.28675722490934363,0.08805617544491699,-0.44101993826087216,-0.06211226578902454,-0.07573081479914671,0.2903412798330635,-0.10375993875961473,0.00717310231537606,-0.05423271891632341,0.7805700940792815
5201,0.024418073750628315,0.04764638965418539,0.11990990931822547,-0.3464761813211626,0.22725121302345483,-0.27316771578013477,-0.21028988886530894,-0.2512401278952108,0.6553818977698765,-0.30897463196755254,-0.21916197261234346,-0.4597750911588154,0.32892958071598494,0.5391386005922153,1.101676177748494,0.9356626055567722,0.6859062032447056
8725,-0.5365049886015422,-0.6178577764708006,-0.4405560782730068,-0.47456653770646023,0.0468814756772758,-0.5575116352719846,-0.5850585365239276,-0.5545607972010655,-0.1498503730103597,-0.9243258999458063,-0.012867786555287234,0.18642522704567732,0.3409612687665428,-0.6211262353330134,-0.013509510441228603,0.04508880052451294,0.7039064817596892
6724,-0.20344215107700642,-0.17075011816112606,-0.19099329572077725,-0.15938884071876275,0.4310997128639693,-0.30251499707479196,-0.3389882549255348,-0.40205547780370615,0.5550880810765806,-0.40855380135447167,-0.149833563789784,-0.5536738902208771,-0.3900183223449346,0.6031135193871487,0.232706291222523,0.46110353603609283,-1.2777665941483765
8053,0.05140107415798535,0.0008980128911784757,0.09956901671480474,-0.13901106842733008,-1.1818034750147297,-0.13303552675906294,-0.0896416753566461,-0.08689736469361052,0.4303104632117212,-0.3906607409569639,0.12396866002846063,-0.22349556738278228,0.409290778327584,0.1418605693762178,0.716827997010518,0.7386758995905648,0.7602182817405733
2768,0.5620108337404075,0.5133218749788857,0.5535996252780134,0.4471260180871683,-0.5995020410921704,0.5357238846152222,0.6531828297306871,0.7480950645410008,-0.2584744468334372,0.3476204868251429,0.6995207906958406,0.2564339083158908,0.5143959216226475,-0.322690573681914,0.016731853096957676,0.3614469470728381,0.6199148250593705
9007,-0.913631707937602,-0.946796259674389,-0.9327604777350146,-0.8741373104453095,-0.6151293509458471,-0.807185037897059,-0.7850032650690416,-0.5676484115811008,-1.1809217309076259,-0.9049871820338328,-0.6362011798561652,1.2443860717624302,1.2784091393898744,-0.8575125205831484,-1.3499182442431505,-1.4568801976460113,0.57037008762591
4523,1.345966449884894,1.4461574578213383,1.4085814524007059,0.20701068699145472,1.9139746575386505,0.454012856298084,0.7350817982490377,0.4100001177709738,3.5926722622006384,1.6309877657644727,-0.9399671458454848,-3.585904731787271,-1.4921453326866099,1.516533512012781,1.098457758654653,1.0991674782551333,0.6726664630461481
8331,-0.7010958254712164,-0.7876034895773637,-0.7922309874376596,-0.4737165096651415,1.7094364592882965,-0.6716005102602777,-0.6762741377151931,-0.5296129832765009,-0.9665917418118904,-0.8572106487540578,-0.47307779587701804,1.1596416034645143,1.522425327008044,-1.6176421978611033,-1.1324987077544162,-0.9011640761411044,-1.1856443158372874
3099,0.7331131372583742,0.6544027052766914,0.6610893838453992,0.999460026392059,-0.3376630551390396,0.9499105067152295,0.9176600452550983,1.0995155625703343,-0.6188968199889753,0.6135714975720591,1.1732033750278819,0.46302753739312147,0.33431750708720115,-0.3001908695965108,-1.2190335803954626,-0.9854292570473413,-1.3812695319162689
7201,-0.6973401651820356,-0.6216319747851684,-0.656330884649724,-0.8987165276185425,-0.06856212532743078,-0.5778895052753571,-0.5863262889177696,-0.44760875866363475,-1.1710892960100667,-0.5444368341058913,-0.5849840935979034,1.3179610768881145,1.5699127576608418,-0.6136633496175664,-0.49021617607182233,-0.4909676225207519,0.7365336241977665
9984,0.5828048371127961,0.7242392982790141,0.6377196210141476,-0.37395360528565624,2.590937480214516,-0.4732108931607655,-0.2586743698433324,-0.6258797273186427,2.908709479535016,0.20804174459959637,-1.2224214633075121,-1.9794607012047962,-0.6279775419807936,2.303995245690441,1.6334291116430393,1.6056017329186567,0.6505670483541085
7003,-0.6550841570486375,-0.6846190230439828,-0.6594001860564029,-0.8942810608147551,-0.9654883135510102,-0.9203224784026491,-0.9388486091020114,-1.074191769793567,0.23515185213316572,-1.079696103929156,-0.6832955659575166,-0.3194017135164784,-0.08154485224715227,0.0479299691444458,1.0638415509771069,0.8924598638153313,0.5166446867695115
4324,-0.25289023241591335,-0.2308870494616439,-0.17824023690325075,0.4717520843639815,-0.21985922353224618,-0.036124320879108794,0.024288970829555844,0.27602834608644644,-0.9993370750878006,-0.3877880955095082,0.28121768049871987,0.9687538437267076,0.9524069427392583,-0.9589331488138192,-1.5432815126492232,-1.4082799069813305,-1.5989563106505174
6902,-0.47530353366451444,-0.5583325233761632,-0.5822150968028451,-0.7252551952503464,-0.06274412072138233,-0.7661041345421065,-0.6945000840970456,-0.6891114011356,0.0759269622715122,-0.8443803064064308,-0.650473302593429,-0.23094969052840436,0.47318664640914676,0.2204949559666668,0.8320014733232355,0.5996469094684703,0.7288617184503213
3105,-0.6962335865474986,-0.6882005654324993,-0.6811371679990897,-0.7738819474535062,-0.21441479934624963,-0.8093597389422655,-0.8000048399707443,-0.8035883301592703,0.23228127634286666,-0.8842435613493839,-0.7105751625428407,-0.08090197168738954,0.4750437380359669,-0.1694618662232721,0.1787054416098714,0.5232805735579379,0.6797695477035157
9602,-0.9657561081124852,-0.9511801172433815,-0.9350606681377925,-0.8047525391670625,0.741967656737655,-0.6622651286363276,-0.6176170422505468,-0.20002553514362723,-1.8486179163192769,-0.6991973936179687,-0.577203948099713,2.07035422286116,1.9671444529230786,-1.101904643549715,-1.6584872096620884,-1.7819914243171886,0.6044546291098293
8252,-0.500861267083672,-0.6017399747379435,-0.5596661510315293,-0.5359548810233925,-0.0032053635994901087,-0.5648680087877724,-0.46218431553724304,-0.25249565591072987,-1.507739087691561,-0.7383223457994044,-0.3290069538882192,1.4643920048646557,1.5713144249802167,-1.0904743401518018,-1.56596826147729,-1.6912575175645403,0.5941782978065814
6479,-0.7208205895112371,-0.6049555512976287,-0.6544862860338163,-0.7725779318770798,0.2824383398208607,-0.8074426433250795,-0.7994977421796642,-0.7990248155713195,0.6182068620427691,-0.9773577121796191,-0.6244293864266885,-0.2337139601538606,0.39898654007023987,0.27634153325806254,0.12237122764223926,0.1860014750556231,0.6020175255446509
4911,1.3599890496172482,1.558171461384541,1.44920053645494,0.9566723459570103,0.13320877942999046,1.1311279000019343,1.3054858292931093,1.3588502119791737,0.02629492616731359,1.0844142221244504,1.1279918825158108,0.19735081355803435,1.0617941649284184,0.4222559646097597,0.3234381190091124,-0.36211590763686274,0.8190020081328735
7203,0.6359461500849471,0.5531976032608399,0.6398966262387819,0.3345003861034346,-0.14306792215434636,0.3283184745131633,0.3887919448563829,0.4084949294033329,0.5023040174690554,0.0445498270031489,0.5867650700998845,-0.2236367547570524,0.5156277344556255,0.34838809318360053,0.9696249605836968,0.28915582531185535,0.6931140239984434
7202,-1.4734375439169682,-1.5221477895403517,-1.457029456050187,-1.644525906831513,-0.3702847941375785,-1.8627096073002938,-1.6785149828672998,-1.5778992580013926,-0.14230054276229814,-1.986449525824449,-1.5679266666590594,0.33265127953405216,0.9460798643422786,-0.09296775151661794,-0.14582730905095204,-0.5226001776999437,0.6129761639594667
5401,-0.8460745234042409,-0.8768411100748946,-0.8088067228891502,-0.8654979561840362,-0.6872190285807949,-0.9700766742722102,-0.8965437857104394,-0.8400010566471328,-0.15637730713969739,-1.159444169647027,-0.7207439584235241,0.17626152590910063,0.6265257957198939,-0.3884027440343188,-0.3213319890157222,-0.2911203087826237,0.7796494993892694
9005,-0.1274824460132246,-0.23954429110537556,-0.15186406726099705,-0.3248799602060814,-0.6837290056038033,-0.2208290619679575,-0.09522521952234457,0.25611907733344,-0.7882433990919336,-0.45765289261980924,0.09041785368769606,1.2687068771327952,1.6194611389473776,-0.8038175811925902,-1.042467060623383,-1.2745396664707895,0.6766269089298612
8253,-0.683744560816183,-0.657053312173179,-0.6216555827245085,-0.7030882435612078,-0.39234128293777226,-0.6997027541547597,-0.691428571004403,-0.6475179410694879,-0.4723091519989142,-0.8673820249275178,-0.48577377837828706,0.4074602074991064,0.6069469223786914,-0.3721663458055677,-0.6473811783951903,-0.4503234210459848,0.6815898490598546
6703,-1.5564055180694623,-1.611541625749366,-1.5344957963747357,-1.656766028119505,-1.0251520926714142,-1.713332854737616,-1.690044923424318,-1.7456952201850309,0.16799199166075574,-1.7576427301241166,-1.5058828870523844,-0.3190392425469248,-0.10575080679182003,0.06083674549950384,-0.08360365003327375,0.12146442910560948,0.5604478649930212
7186,-0.6614856838713883,-0.7755291742829132,-1.10745479769353,-0.09962681503885626,4.880329551094449,-0.6718344440978665,-0.6442346351598451,-0.4612609575995265,-1.3209044828711107,-0.6881124486519902,-0.6222034693128886,1.2044920851931944,1.723542519091423,-1.5933760378582802,-0.39390851420485157,-0.18279542819808825,-1.2580802936034245
5020,0.6323659932359811,0.513965924093855,0.4943119484072975,0.546097832293273,0.2921059026172912,0.7472667419807114,0.7002671291351413,0.5871992348276761,0.07977553738819083,0.5427049778999309,0.9171042099481463,-0.6348519875844701,-1.0483172790490012,0.32155725917206973,0.7105913722074452,1.103931888756912,0.7843121599916242
6501,-0.611292174977308,-0.612553587752578,-0.607817834021637,-0.6100193760172111,-0.28975031976782895,-0.6239378364451496,-0.6159125421088415,-0.6080630008815978,-0.1794350130949669,-0.6232196943344311,-0.5095529024456446,0.22647590392587988,0.31095143696051003,-0.026455015200367245,0.9148676388188361,0.9147672552728938,0.27387196802902025
5801,-0.5807772360138623,-0.5478916004292019,-0.540441736355999,-0.5894432714553476,-0.7771963644958453,-0.5813506449164795,-0.6045380657969531,-0.5895842206022045,-0.12145011957769034,-0.6917890358893031,-0.45426799887959196,0.005264336874307505,0.3290954262386879,-0.4047880609235014,-0.4368569903956433,-0.25804236323337276,0.5311906866163737
8316,-0.5875858592160632,-0.6286887653427725,-0.6058147139516952,-0.7831525192553166,-0.5105429749847371,-0.9138917557732532,-0.8393142620235017,-0.8152027301419459,0.22045503816971165,-1.167175879829377,-0.6045731361663306,0.03690571774998502,0.7688168312182873,-0.2873413049317888,0.5007989165139699,0.3848950273134962,0.7035832779900161
9008,-0.28472822643901174,-0.26877923168302387,-0.23874494342861932,-0.3522143647693425,-0.6653982676667919,-0.2743030836915006,-0.23634658447065687,-0.15687969329364607,-0.8506489980555304,-0.31588748069496875,-0.2226127403447503,1.1156257214537366,0.9352228449442009,-0.5996727123618252,-1.4414984729717588,-1.5090612085867352,0.5397163651398441
1332,-1.2029086887112679,-1.113431292455125,-1.1725185293757974,-1.1468998541624065,-0.6734582999433629,-1.053003835177964,-1.0931597328902702,-1.045399833994749,-0.7302116298730593,-1.061689435813915,-1.0064290990592377,0.646083944149809,0.4836835620467074,-0.6383171788902767,-1.2552564265065387,-1.4547604167052015,0.44397195423427427
9020,-0.43394228703094007,-0.4379986127661584,-0.38674088600009565,-0.3616978826058537,-0.690439624549058,-0.12372531200284163,-0.17410794758400225,0.0811226860215553,-1.071521526693678,-0.1821126441146196,-0.05464901821500626,1.2310284014164685,1.173115694139552,-0.8302294523657773,-1.3035109058555594,-1.4117342021377035,0.7685951519137324
4061,-0.8153077103134959,-0.634927162188637,-0.7319121211861079,-0.8111539599654497,1.528773066478028,-0.9444094193726364,-0.871827749036421,-0.7811270746646126,-0.032795885736982534,-1.2952100287322041,-0.5378253272222058,0.347439599633771,0.8662789521845643,-0.05988038127109904,-0.5983078027798837,-0.4139648841328121,0.7081452258192261
9021,0.015828422005807714,0.032585052370767725,0.08917009896660563,0.4061732484252756,-0.13431230528289942,0.4697674527030299,0.36284815487824995,0.539632383584755,-1.2245631074608654,0.30806511463083125,0.600814462946957,0.9379326419635315,0.4996908105414656,-0.6168835598082083,-1.2492958827707485,-1.2506817295669816,-1.3117909907231413
9009,0.1323389664615427,0.04928801748560078,-0.002556736456348785,0.02538498937584789,0.4239694589101213,0.1040646544643482,0.18666801696047625,0.4479369512862431,-0.8248973660374596,-0.08961839562995037,0.27206374143138884,1.08388812568617,1.158350080445167,-0.4142997772510382,-1.3697639148093383,-1.5633591723376503,0.7177600619746533
1333,0.5297718935096984,0.5535551007065183,0.5008623286281142,0.4517080143256307,1.0606885025895911,0.8400259448542751,0.850633826314287,1.0304741152613723,-2.044288007413953,0.9587527716949298,0.6764382089216521,1.6675016792261004,0.8513665015999937,-0.6105900284078448,-1.5439428064517011,-1.7981441965582197,0.7336445841088006
8303,-0.076065080937574,-0.19439271800497232,-0.1937189273469912,-0.26388909414124984,-0.6527810385972125,-0.33458769941104055,-0.33460205923371095,-0.34279061056089705,-0.10180367998133222,-0.714956818748412,0.10485738676252657,-0.038374427328035254,0.23389373359012114,-0.24805127178202993,-0.03530205681587728,0.09799273769193129,0.766762074802074
6702,-0.595559946122177,-0.5958604346298437,-0.5943534380831161,-0.5692467041554248,0.176942990099093,-0.5982670673633356,-0.5918916851465394,-0.5863113179165185,-0.1625530400304162,-0.5974541267756995,-0.49878821130024986,0.2366840863146931,0.27800910926243877,0.586344635629798,1.0052026127986704,1.1244317722634833,-0.16274243540478076
3861,-0.9748161448501775,-0.9266132921999755,-0.8704537878844611,-0.9322200118799632,-0.5279397807379499,-1.0947750346616096,-1.1146294626526296,-1.1175461173290788,-0.17274900559231615,-1.4812547801299503,-0.591318478494332,0.3912205191541841,0.648876286002793,-0.38970331700314,-0.7309787376013888,-0.6628393959115808,0.5602910808068676
3863,-2.1536132975076034,-2.191912502688942,-2.1115143204971716,-2.0568955988603235,-0.45181054596609416,-2.3075905621327384,-2.290911080318362,-2.2214749069798314,-0.302050375100211,-2.5327749765834904,-1.9171397624122573,0.5165663594845581,1.0190522008985887,-0.7162374642083423,-0.25946799946590565,0.10068528935563639,0.5498910275966442
1721,-0.6440213842223919,-0.7761797075726131,-0.7413478738868453,-0.835427788590202,0.261870892790318,-0.8984565079131719,-0.8081171795252533,-0.7072351172977722,-0.8536527156239038,-1.1999630182743173,-0.4670759316274804,0.6414695549629742,0.9181851107214258,-0.27087398500576154,-0.7206870837106972,-0.7229821163116704,0.662650492091279
9433,1.5294157895611507,1.4724532401539998,1.5104477508394236,1.0355662388685087,-0.3347192000259559,1.1456593270698938,1.3103637999677926,1.2276916026805613,0.8220025816844231,1.3270829477281618,0.8608790162198278,-0.9443116857205894,-0.4992529486409934,1.1942456427576744,1.1825491135505148,1.1253945033328419,0.6786354273628845
2002,-0.5421954244090781,-0.40029597447618853,-0.4921225286381502,-0.6952070284546288,0.15370761771569483,-0.46334833659347524,-0.3511239176520755,-0.0023048664913471644,-1.18186855094516,-0.6307125533150402,-0.20904527117049254,1.3686157291106884,1.5824238478726331,-0.49898944376520765,-1.1322058314630654,-1.3688397715809295,0.6373606838530732
5802,-0.29325562869024535,-0.1353525785814487,-0.18086875373246591,-0.3867281888219029,0.020144301685856163,-0.4725966639296911,-0.4342195143247729,-0.4879743209095551,0.5234352523756972,-0.6459713303947695,-0.22669018035126004,-0.3888144232255758,0.12005485940747447,0.5931460927808966,0.6233303457540855,0.6149308946065435,0.7441073535011115
5631,-0.36918972990256416,-0.3541937220552601,-0.30650104322091454,-0.42147655015740143,-0.5897154669741841,-0.40108268224616245,-0.41837896232378874,-0.37104933679263363,0.25617088290222173,-0.6451466743194795,-0.13957936652688407,0.26034293787913143,0.8514857231858609,-0.24131201270340233,-0.13128284893920328,-0.39105242234211113,0.7416397018833444
4507,-0.9349970053625541,-0.9142241126701295,-0.9083083816453041,-0.910006893440788,-0.010319133635340455,-0.9361737242887104,-0.9177938846120753,-0.8873594598193694,-0.5629104918836505,-0.9964220293310517,-0.8334192262749822,0.39694175366107426,0.6899013750698472,-0.47229249714160665,-0.5662472708932463,-0.5027959773047576,0.5138972873610168
4063,-0.12259590655267263,-0.18035031077258853,-0.11393164482685522,-0.5553863440698766,-0.33677289826549006,-0.4944816782872096,-0.4429275707489928,-0.4996584740516552,1.0868528402025281,-0.544192037969125,-0.41812564336741426,-0.7335081110728527,0.19342460748746204,0.5212919805652475,1.4051680887492806,1.47133282721116,0.6749615528122432
6674,-0.6633131621780135,-0.6580412542615892,-0.6588159586120638,-0.6378557460739396,0.08589971204178644,-0.6614440527051649,-0.6557546524517656,-0.6458716301057945,-0.21667049343730715,-0.663888456419488,-0.5464740135345064,0.2793402924710918,0.34137548144520835,-0.5538873701976553,-0.14987542481942953,-0.04708803173170733,0.14149254338731057
4704,-0.27733727429372895,-0.020183486120966862,-0.16958779509268138,-0.566129110355026,0.8197582026414594,-0.4781953935938229,-0.431479523183914,-0.4339603931208178,0.25934937982243583,-0.8755239138435107,-0.05983246357776299,-0.01933259671385911,0.3616706115777809,0.6267216648638645,0.0786874673560208,-0.37205745266569734,0.5679769139642182
6113,-0.9776699148097658,-1.0019430570692138,-0.9593563846255672,-0.8686578346388191,0.014044908849694612,-1.0503562967256705,-1.030604550472378,-0.9924967199891692,0.3285888741924445,-1.2357828732239298,-0.8049666428516349,-0.02913085261894322,0.3655754839929531,-0.48239495849205943,-0.392704540656121,-0.1376507885565299,-1.1979479063547407
9022,0.4144237812138089,0.29166469343431345,0.28716683625056205,0.18653234496700544,-0.7009353832900325,0.2681460913825864,0.45068924342758004,0.7387273805109588,-0.7932338807914284,0.0679417394076332,0.4799657619023312,1.5100418029764333,1.8664135690026191,-0.6618340223914372,-1.2436650885332812,-1.5094263006632742,0.7056453602036616
4506,0.31697825532205665,0.24119908014474617,0.27185683962009666,0.20550322825398826,-0.0022347986647699475,0.1649332989670785,0.23746648358789504,0.2748464960198517,-0.09294195842665877,0.055634778386662455,0.29844567889577484,0.1408320923728609,0.3741856628840418,0.07915924232705132,0.3625209986623808,-0.20069234708134753,0.6394587747979406
6305,-0.34197474733397026,-0.3192409656979863,-0.2928312869787477,-0.506293227670136,0.10289240594392116,-0.47675335974545696,-0.4693493057110716,-0.4517804748686827,0.2186446387316657,-0.6518700377102181,-0.2659507428961563,-0.037658267265788734,0.6012245914630886,0.10277567646676353,0.2448946176672912,0.04609553229639609,0.6621370050846526
5803,-0.07385200024269051,-0.026795397318529007,-0.02808141976007322,-0.12510157629033275,-0.0565923624606038,-0.0552937538741566,-0.1090307337649861,-0.09957716550103762,0.09194711014637595,-0.16661860084148938,0.08144970091945455,-0.021104339391481305,0.26026915357917957,0.04146361565510487,-0.0028872960588317695,0.055540238285814975,0.7430820069617174
6503,-0.6552219368723593,-0.6913076498220664,-0.640440483212553,-0.7688191380804946,-0.06924170395868595,-0.8164287588888918,-0.781748343386542,-0.7784932651611737,0.1066375632513537,-0.8959614479793164,-0.7065530392791013,-0.33519592342480486,0.35903088777715825,-0.06686907691219926,0.9453968044542947,1.1432249678655284,0.6676068225661562
6701,-1.124734157986419,-1.2214631329601426,-1.170158119827978,-0.684295461709538,-0.15866137058789304,-0.9697450095548874,-1.002403647096151,-0.8890679379389775,-1.081163881785317,-0.9928454955379298,-0.8582125026594144,1.1969951868321684,1.205452045544393,-1.3425945825425514,-1.7649691784080352,-1.615770443191233,-1.6116182600810955
9432,0.29556035488947074,0.39408639045827926,0.31131147260210906,0.05526819538223303,-0.8576660252415677,0.07859809405416182,0.2136122779742598,0.25584740270630535,0.4895107572492086,-0.0709198062681863,0.1735099761987142,-0.12796256588177388,0.6425568640225039,0.32645864072440917,0.45632612352550517,0.0989601074829448,0.6968571545696814
6098,0.17269034772381223,0.3907204751770307,0.2446262534161905,0.058941277801247215,-0.09547616236740837,0.18282085191856964,0.2452161240531751,0.28093848347283173,0.26799009738485097,0.038964893552103606,0.3284012608008833,0.205410016881972,0.40167980251400226,0.39106108293761543,-0.5566421167902562,-0.7322721444545026,0.6715407261796669
6301,-0.5222802415755643,-0.5432144165692052,-0.46264628407366243,-0.5911324826380869,0.09118380019484051,-0.5792828069666011,-0.6143265227787823,-0.6007425229734593,0.3647079708336665,-0.8452779149172431,-0.3099659521309404,-0.09971907849354812,0.2598304199505532,-0.052012335201755376,0.2901368293796303,0.4343838016222192,0.7156344863084944
6473,-0.5955531910265467,-0.49407283678330727,-0.5124151015216344,-0.4619824651024523,0.038016977020325735,-0.6042471550532866,-0.6021928375527191,-0.5804197959829754,0.07039608900290181,-0.672599829496719,-0.49441061771432254,0.02315776502891801,0.3137506920837405,-0.2135804958361044,-0.5538563041424033,-0.01678583415868008,-1.1288649904755153
4502,-0.3688512288615531,-0.3383520338436181,-0.32329287500795234,-0.46810281685057165,-0.1281511361260245,-0.4265665009813074,-0.4760110787674353,-0.5967162851482396,0.5204821376280184,-0.5744473947782914,-0.2646784490002721,-1.503527855062902,-1.6265875901603657,1.383596626476056,1.551065050422201,1.578371238208774,0.7636573862353588
7751,-0.41084941594994623,-0.43034652448583355,-0.379053971011172,-0.5155549338838399,-0.506987071617572,-0.4855547327886224,-0.46446858011971054,-0.40889666414950926,-0.3444515902679571,-0.5843751758937031,-0.3653445212407038,0.5698128266450702,1.3827531966938615,-0.30699219039606523,-0.473736112562511,-0.47146273211473594,0.6793775988485061
8304,0.24872176152668557,0.17799508294662364,0.25266288860606856,0.1469699169386735,-0.9237608141039799,0.12843025963099616,0.14012299875441636,0.20888127636729584,0.15692093643866073,-0.17515605775320633,0.3797956806761842,0.35365831316225516,1.0243962781620048,-0.5732730806557979,-0.5660564023476108,-0.6322661685360421,0.8385205497166079
6103,-0.19509448604733054,-0.005981999249177112,-0.31005043610381267,-0.7451197396623815,2.2536508950692142,-0.8069063580593695,-0.7012602464807246,-0.7358066147383683,0.7250883214267623,-0.8050237473209416,-0.7625222045473639,-0.5788540384111587,0.36617894143387114,0.5897259546389407,1.0052005221602531,1.1607535618921954,0.6480864257741837
6857,0.23334870418423595,0.24076557842688723,0.34909255241970605,-0.36346657229329415,-0.25334385244830815,-0.3016774995012293,-0.11223240994278953,-0.10651430700282333,0.5081792990970868,-0.35899314886172135,-0.16946895257834324,-0.3747257360562336,0.459024603820962,0.47602837812071985,1.378428959600856,1.3128032565592704,0.6327281036179776
6472,0.0051200750203351355,0.03248378776283732,0.047183242269238056,-0.12240350762782695,-0.3324797140181191,-0.02012624230296312,-0.09628640409804583,-0.13321570836699897,0.3882267409438085,-0.17824587662088417,0.15139724336672575,-0.38445596182057823,-0.18042395285642224,0.23068366912724217,0.21852174168453575,0.4924136489620241,0.7652560397722395
4503,0.5985714651381843,0.5630449072697659,0.6347576927680464,0.3436910291913416,0.42379558845363696,0.2653208973298849,0.40260124495476735,0.3591238478216716,1.138427143871671,0.2548199626113778,0.26212477581816546,-0.492649085281481,0.20234050455382024,0.8036895184927678,1.0386905619268794,0.8426423058930508,0.6951836768551598
6506,0.01614740723912698,0.034885360792662835,-0.24631166411505198,-0.36870328007923653,4.656561037795706,-0.2703231274299117,-0.26472734830672057,-0.2665030757938137,0.26690612995975443,-0.24738271848145446,-0.2876680580191866,-0.40733835712994476,0.5159939529930303,-0.23358262132289379,1.1664349230114035,1.5471633476365423,0.666377363833612
8729,-0.4558095027083967,-0.4688963239326335,-0.4232746346186868,-0.5719790921680127,-0.43282418798510314,-0.5859851008204704,-0.509424399372842,-0.46261683254691,-0.2498785398232633,-0.7118921895800255,-0.39257720165446164,0.3588531686105979,0.6819122143928762,-0.15093402379291712,-0.41599836618227215,-0.6241947351936881,0.6181012786993294
9437,0.3516746379823558,0.27620897355190843,0.37735348422480197,0.1839149494132234,-0.5479898367003131,0.20013663000534124,0.30927026324124673,0.3344118069995653,0.08923984828645888,0.011854831773135182,0.3481138185589471,-0.05534155862396098,0.14852873031939146,0.012764124211467673,-0.08720991563925348,-0.06133629439285095,0.6167167430997939
1928,0.3719122339528759,0.29595536218918195,0.3710154567586282,0.4173544112877657,-0.37920313489493346,0.44779271249284786,0.36450745836140525,0.38006024755443985,-0.5030093014812071,0.23805766316675048,0.6419078909682026,0.06190485302538959,-0.06991707043811918,-0.1950427929967618,-1.1045901141642755,-0.7869884761184875,0.7543711629124046
5233,-0.669226599821471,-0.6284410807475714,-0.6397764471858735,-0.5898055697258359,0.28726502960190026,-0.581573603037092,-0.561519865004502,-0.410919551655467,-0.22018545613076151,-0.7314005779937167,-0.3891492933144437,0.8120046549841834,1.2889805258467382,-0.8986537551650414,-0.7510852671353123,-0.7544619288662066,0.700000918454882
5541,-0.5198041513020702,-0.46937983129203403,-0.42616050676899075,-0.040169099099938224,1.2100384037581757,0.2494225924778598,0.14428575683249759,0.5825186264706218,-1.9320623620149124,0.7746359565258162,-0.35777255222119597,1.7790827700992884,0.9849043993161075,-1.3910184286380305,-1.3571242586115788,-1.40962160184938,-1.3048611905896612
6504,-0.5763252650560846,-0.5803820474567705,-0.582298375700781,-0.5699795958882167,0.6593167420057114,-0.5926399858309135,-0.5849621562683207,-0.5790747647431944,-0.2264024127706002,-0.5902470976591041,-0.47282211556938214,0.21937013926783386,0.263844025555244,-0.40523766631082353,0.0016052776060470437,0.15747628326924867,0.21381769212360144
8267,-0.14743922931319603,-0.17772216404486607,-0.1390946344817342,-0.12354871619776692,-0.513494910652714,-0.1201393194730201,-0.03395975110547332,0.09759065334975911,-1.4854726122745578,-0.22348229602100972,0.00061384163430972,1.394463116520193,1.627022066268039,-1.0351768660417153,-1.8538038629762692,-1.9348673449867906,0.5447199194199844
6302,-0.5085221438988496,-0.48153103753889587,-0.4363788721570876,-0.34909800307357647,-0.6744460012278661,-0.5771952699565251,-0.5953544511822175,-0.6163316551850341,0.31857798641764073,-0.8058843244905581,-0.2910979402281604,-0.35982096734615365,-0.15704283392988974,0.092908063613965,0.2489709518866392,0.5272744497213543,-1.3856237615077496
7752,-1.554097239303646,-1.4898863374939904,-1.5092357004799573,-1.3386499898757402,-0.37376482227405683,-1.5639436010036942,-1.6049143657495988,-1.6858552637139577,-0.12894393253111178,-1.5863015451226494,-1.2918439323843196,0.09009450316831889,0.06362392287439178,-0.11110836026289432,-0.7368977311460986,-0.5810622864002264,0.48663673116127987
6841,-1.0940583604694931,-1.1499519912451714,-1.2135709772033716,-1.2858570253859374,0.603104307824681,-1.5368091066725873,-1.5083662608542332,-1.6536125185359827,0.138836298306695,-1.656881123527883,-1.1684053602894535,-0.17812413503308297,0.24753539933862573,-0.045684601279996004,0.5853829713750996,0.713345598338122,0.5731129503693108
3086,-0.5489877050793656,-0.5537414079251444,-0.526363763638745,-0.6271993588497681,-0.10481129520884619,-0.6210984213248943,-0.6072346453942683,-0.511734727952476,-0.5264483113015215,-0.7913156500467221,-0.4143433817518296,0.7805707789452786,1.2306632951919345,-0.49330919190716715,-1.0335142773271295,-1.2185699961889405,0.7269464936945468
8306,-0.8039762718377241,-0.845844670614742,-0.7916809191549065,-1.0201714364745549,-0.6077058107052045,-1.1044819133274715,-1.0287762717474678,-1.0451458763418762,0.6280540644928284,-1.2083386894437096,-0.9603316128893478,-0.41783807258187033,0.2591074069067692,0.1290419446146921,0.967257231477249,0.9820474686589075,0.6623406287852769
4272,-1.2998983824733692,-1.2383712764794257,-1.2234360548666685,-1.319505738720126,0.399533870199103,-1.4248510948589066,-1.291439244283771,-1.2376830086099095,-0.5555615060914835,-1.38559841160732,-1.3644383694179611,0.1371339245844522,0.2642908468463004,0.14410951197216867,-0.5354794670107698,-0.6138760733730335,0.591215187098393
6471,-0.681512941602332,-0.6628685333143552,-0.6457665041321101,-0.7954020619487497,0.5925885363134945,-0.8025582211982125,-0.7953392403840124,-0.8045722361558324,0.8890374385161697,-0.8459744378859748,-0.7356537766923003,-0.48447641365556365,0.04554369112090571,0.31064399365186873,0.2854540047360943,0.4443017568017423,0.6917598560607646
5232,-0.5736091203364284,-0.5749257041589079,-0.5721657287865823,-0.5570833082344719,0.8099319529635247,-0.5829273141679331,-0.5725467058369073,-0.5637212186817409,-0.17797619535342676,-0.5900008756318671,-0.4891506131109449,0.26502524121917514,0.3322633499250561,0.6804387312199685,1.2917087246055696,1.1358430793812477,-0.04869055142546601
8058,-0.15240402670250947,-0.04720130516348131,-0.06859990278445392,-0.17310034492687243,-0.6893913378090152,-0.18017640058734047,-0.1185542332860155,-0.16512183433222424,0.41057068277134556,-0.22726439377384616,-0.10270210376728463,-0.26720167532376066,0.1374090409275329,0.274627315796553,0.723875171722062,0.9340471539328948,0.7196365271790223
4689,-0.6022416939032035,-0.6159349954097204,-0.5745365175358073,-0.7120300497261276,-0.27264576306226906,-0.6714605044683586,-0.6609037927719846,-0.7151457246583017,0.41648312424762557,-0.5512848279610527,-0.7756588601224077,-0.7321177851184413,-0.14460478585604478,0.35379581951856154,0.2072326163626924,0.7755102435700864,0.7176329295461895
4188,-0.8721808661614343,-0.7528847547641653,-0.7797116339697241,-0.8039120657546779,-0.48416037073727464,-0.885906937387459,-0.845018168894221,-0.8643495155654877,0.37038483816838713,-0.9891568159721362,-0.7144317476587462,-0.4149262394320809,0.028173781365039972,0.22696581366807447,0.6242375447432088,1.0752497379111126,0.6612188131877045
1812,-0.8200518848997798,-0.8468958076587874,-0.8291134065288192,-1.0132278609266467,0.2615897284212969,-0.9376832143264022,-0.9292738262403974,-0.9409308719275231,-0.1260798708910427,-0.8757387934462451,-0.8138401026421304,0.168467726848747,0.4553264512048771,-0.057398922531348436,1.3413074137921732,1.3351348063974062,0.424582119928253
9532,0.5349669020732055,0.4316167125853111,0.45664412977642893,0.8119743746099846,-0.5733179678877858,0.6623121341473162,0.697353805402762,0.8623643376032694,-0.4870801394892293,0.36585617451853014,0.8826858408674813,0.30595332313813706,0.5052217998830931,-0.3875590496554461,-0.2586402769544856,-0.08640851512401497,-1.3060359292930934
8604,-0.5039917190334683,-0.4565476789997514,-0.47647506990067295,-0.5746837952008758,-0.20391662466941143,-0.595720326429232,-0.5948376211320265,-0.5948813997055604,0.6637580656618061,-0.7225243848035482,-0.44961025595649795,-0.29275745494926386,0.3418662030208336,0.09488791976916842,0.8045551184687618,0.7887500813556496,0.6393625025622289
7735,-0.1930630496449767,-0.15052025590313026,-0.14757333615079526,-0.19510576390528983,-0.203244981872981,-0.19199517518667747,-0.1794342213805493,-0.11049403910611516,0.356430884981333,-0.34230129864527026,-0.032767981685604367,0.5309410767093965,1.2269837328194397,-0.6007109141381587,-0.32893933925101193,-0.14496098053650555,0.7919540848426
7912,-0.5357253019873472,-0.5087190378876199,-0.5371840594881584,-0.48801592831629936,-0.5774754283162647,-0.4890548769289315,-0.43261075224050216,-0.2902761750053052,-1.1583262099063394,-0.7245264911256009,-0.22443499924318672,0.8973127343316133,1.036270449223023,-0.4794228671282309,-1.395615386746805,-1.2717378105461452,0.6213473063024559
3382,-0.98690125146094,-1.098679339149276,-0.9779523129854285,-0.9549408238475016,-0.6304143708702765,-0.7629526085950937,-0.7501746918479535,-0.31603637425227266,-1.9057617807673215,-0.520282472383609,-0.9294229000220243,2.096374357335167,2.072633957727999,-1.2919647427474827,-1.5788448288836665,-1.6596559480511872,0.6165295722091281
8002,-0.1182685137764676,-0.19318838924167187,-0.1355234649787963,-0.3701821481098206,-0.7325172207993993,-0.38992823232946416,-0.3116153884150343,-0.3138514833206991,0.1622093821642659,-0.5079351604299048,-0.22203457642447932,-0.11001580727376797,0.37983436252480923,0.1087818658967779,0.9664868600745588,0.9689509715084428,0.6593392716897399
6952,1.329566531917726,1.1827465635667507,1.1519069342637702,1.1621710927404605,0.2776315521952033,1.2884954854988737,1.2687183241715672,1.170900262200018,0.2869155884067375,1.1644588352770144,1.2763508718818382,-0.8113573478107126,-1.3309662903539896,0.5559991746645846,-0.42473217301789784,0.08604867367692226,0.7133573990933392
8766,0.11879326797098828,0.05301939218744304,0.13578563431078472,0.1289064088705038,-0.25977787714609185,0.12393695360387538,0.12863235935058773,0.2716550688921139,0.38154819138658647,-0.2646812789532381,0.519285762427668,0.5066027094380291,0.7759605159181873,-0.46961096328538926,-0.5335618042168344,-0.5394133797392334,0.7052370157131057
8028,0.15400183686795285,0.09763910769463616,0.08093910657236479,0.13428908312946325,0.11306431454097166,0.056466795703520645,0.14720120924331814,0.28277031931095314,-1.116144902688561,-0.11835291455029993,0.2784816322561349,1.3219158065781833,1.5709829518665441,-0.9419518305269668,-1.6236904799823189,-1.681568717745596,0.6004862711324379
5901,-0.045293862057090156,-0.04512377115391628,0.0015460427838678193,0.10612847816240485,0.2588168405593608,-0.08347252408698948,-0.07162690194166164,-0.10512148920111594,0.028376319339304363,-0.18528040055723596,0.025556244680849854,-0.3220754749190383,-0.3668187693725697,0.8113208166065069,0.4675623380998286,0.5588442750884324,0.584494453156431
6367,-0.39801319506745075,-0.2786079049563183,-0.3365848207169201,-0.3041114162226424,0.6921190275672789,-0.28142322604372744,-0.24468374227436154,-0.16883188881905273,-0.4875281248272875,-0.5106393600278125,-0.032347352805487055,0.48652165599190367,0.5801404451090381,-0.168332517847519,-0.9232378712539921,-0.8419214967158377,0.6731380186957385
5108,-1.224467955256904,-1.1802526157506843,-1.2244529234868233,-0.6341826246004449,0.8257096768263774,-1.1441732057791278,-1.0632458548468642,-0.888111305446301,-1.1640688664286845,-1.2311345961233728,-1.0036459293240136,1.1789559205033469,1.5423979793505835,-0.924641984786802,-1.0805199291009742,-0.8940244990670075,-1.152572441258667
9531,1.0181523195355164,1.023511444236879,1.1162337872651493,0.738214614224488,-1.4573413670197126,0.817744376762293,0.9907351310102467,1.1431966805280507,-0.3441653854031163,0.5147293026303147,1.0397349318316684,0.17478408780637128,0.8219198516988359,-0.12466088194406995,0.09647093767313217,-0.057134499449522355,0.6538092852325245
6366,0.2672009152547685,0.26437175560630227,0.30403278724373406,0.2672502598301222,-0.45326950734405075,0.29844867532734487,0.3011500947416415,0.3119380597230858,-0.18012328122448754,0.20850970764196064,0.37705651892888536,-0.09801595964081768,-0.21491763779528614,0.0535566660700906,-0.3795386717367717,-0.23186743097125648,0.798620141114316
8411,-0.6841773174133767,-0.7241409099744046,-0.6159598169900067,-0.939246508404815,-0.6441731288137931,-1.0995523395869837,-1.0073726637558906,-1.0740303990905622,0.7375466581264704,-1.246044686808881,-0.8644532355696715,-0.42083984788270357,0.23709605228013053,0.18612114098319235,0.5051609476473601,0.5750513073542001,0.7228848315503882
7911,-0.7858629716527419,-0.7937570955603158,-0.7938562289574661,-0.7890527312581743,1.1200619991364424,-0.7924977907093137,-0.7980699722540727,-0.7723603782420061,-0.3622597617468551,-0.8013171207117357,-0.6625566453972458,0.43533964164468664,0.5656253589155897,-0.7720453997651339,-1.1021912551706947,-0.9851962288602325,0.4289857242448407
6762,1.208643812049278,1.2161346700076514,1.2673868237858477,0.6979014137206734,-0.4438255572822518,0.9836905661966439,1.103772454286746,1.0139601009249588,0.6358679652115375,1.0403086184049886,0.8650473691687564,-0.9286051173000417,-0.6550989495130126,0.6227738964588203,1.0394819410515401,1.2320688173278906,0.741526746947577
8015,-0.6962879183613363,-0.6860346210102386,-0.6388099442307933,-0.8866486564869805,-0.016784265860203387,-1.025740556261684,-0.8897624970289197,-0.8680830987835797,0.2232695294435074,-1.172529368851736,-0.7692834089944038,0.005370686805375385,0.6178568281316461,0.08176688156472194,0.422934628488624,0.25974166198881166,0.655541132465917
8001,-1.2128952074524106,-1.0922759185937212,-1.116855234242152,-0.6939860393667181,-0.03240080722890156,-1.081777824228144,-1.0789558567488176,-0.9161395456860115,-0.4588178006105496,-1.2861647414717134,-0.6510531548506742,0.7565312761589233,1.14466562224783,-0.7485990946028124,-1.1830045608791215,-0.9021297756042328,-1.3380216785941543
8830,0.3287063153129791,0.20698955713528372,0.37648785816755337,0.09838608838722866,-0.7738911631843409,0.12524732787845194,0.27716079377986536,0.5147790360390282,-0.019203855454224327,-0.3801546000610653,0.6103776270896968,0.568116113767979,0.9541737616241027,-0.4824725373674072,-0.6922022981794662,-0.7911922889043044,0.6899640585167822
4005,-0.4454300526426168,-0.38668607817602596,-0.3760872279394324,-0.34959836515176074,-0.6736718106418071,-0.35191724510927314,-0.3998845557074448,-0.4035973602597625,-0.015325785362657662,-0.5567770066359637,-0.09113405418879136,-0.1298669626998411,-0.018993966630764882,-0.04219520333834206,-0.2815279568712331,0.08573356459031305,0.6819421501549582
5333,0.2924326339466838,0.43160272523189647,0.2973240073547156,0.14728807175521613,0.6428479934613208,0.236876661767947,0.21872611087290092,0.24558470397052526,0.22507076392694603,0.05104563980248264,0.4198854937151995,-0.0225594614873785,0.4775570112380768,0.3595412581259104,0.05447877639149101,-0.15911737576021376,0.7572208101313673
5332,0.07634701297165558,0.07625287975149929,0.10992339630947506,-0.11895371534437968,-0.27044487846234777,-0.09429446401222205,-0.0690793114933136,-0.035068174958127085,0.7597694648620704,-0.1740043878421201,-0.006390915698736374,-0.018475084522353063,0.9845751928039165,0.4515018325402565,0.3869099358394855,0.01791541626361066,0.7178608350330299
4004,0.6453161158073807,0.6708256293816656,0.735167488896382,0.11490018962580201,-0.2822434721073987,0.26756376007687316,0.3483115472872628,0.15929787727309497,0.8449434562253983,0.1724134929043314,0.3427780831137881,-1.0396017432301539,-0.5800693970447618,1.3250345799877925,1.3729283947872606,1.2464859741141736,0.7422116893053534
1801,1.3666030457661709,1.3246719652146612,1.439049521385168,1.3344682916998007,-0.8330109464095007,1.3162813660390507,1.398724580117104,1.4432202576113353,0.19382951976919055,1.1719499728577674,1.3484055191761668,-0.29431575029011997,0.043208247051021935,0.3578940136169217,0.6311535473954035,0.7160838642658166,0.8002618348819394
7733,0.6267947291690631,0.6522787627468565,0.7164418741894814,0.33861259027043356,0.049846418369290595,0.3864365813810568,0.4139388353485246,0.26249027814752496,1.144740030168776,0.4241603267675272,0.3358676092844927,-1.1932096409700157,-0.8566472537230007,1.3935631377842284,0.8590297634817899,1.0519854739796575,0.7317492361161222
9681,-1.373625747994064,-1.2284664220557306,-1.4035072348757716,-1.2283074186576544,0.30181410258954977,-1.0137275588041728,-1.060169320797067,-0.8224518133626877,-1.1382540469064373,-0.8441511060304506,-1.07597681879375,1.1620390718550913,1.0192444464903447,-0.7679782018339781,-1.2702229106892509,-1.454237964499595,0.6553692537863158
2501,-0.23782885176726645,-0.1853176508293382,-0.17306219488188618,-0.2360099237278627,-0.14976358593145842,-0.16078601769039483,-0.1908299550949974,-0.14086070988706414,-0.35504945580809405,-0.3404237819721899,0.025554997062534453,0.4993179562020462,0.7123469987521329,-0.21998685871085474,-0.592086438523574,-0.7636282572405105,0.7610303846510003
6773,-0.12809876366145062,-0.12650729576687114,-0.10175959333543147,-0.13541077861636588,-0.3918077341491236,-0.07904046893714194,-0.12463778331948992,-0.12846755040470118,0.0009340091517563693,-0.1631258517087064,0.010359992159689833,-0.08983849987822809,0.18058659450159148,-0.0164078753058963,0.0029269378257180977,0.0888570754528015,0.558683671869833
6954,-0.28151914067794737,-0.2901068044591949,-0.29067873673635436,-0.5035408837087557,0.41221113686994104,-0.48524242474875673,-0.47743312075942423,-0.4916130785854646,0.500701647048032,-0.584538207172263,-0.3661330309672678,-0.42154285868042524,0.2687046840519287,0.36829028921507817,0.7441886815464609,0.4551093946066565,0.6698612635790056
1963,-0.5799511227672918,-0.6670143429428766,-0.577572511886384,-0.7915374334567601,0.0715911526453144,-0.7206922434267036,-0.7104521495156559,-0.6614101470022604,-0.8909954938733861,-0.7701154991940835,-0.6349483203765226,0.5441943735389109,0.631108626906841,-0.453317175249359,-0.5983882870479247,-0.6976265778964654,0.6414184245323054
2503,0.49898729534466896,0.45415458513966284,0.4980735731108462,0.37694669512392204,0.03488005424966866,0.45622688756513335,0.5406713394093302,0.7240701861294547,-0.23048401845588778,-0.05558695195661188,0.8788496785012492,0.4016141709371258,0.7190299492137285,-0.194663173645542,-0.590625201362534,-0.8544779727462254,0.8271690659797764
6361,-0.3754748017795175,-0.40951714157833213,-0.34365210264214363,-0.5863989934666807,-0.8586663742397912,-0.6156728991165586,-0.5964584374892301,-0.642154599712775,0.46394527489531157,-0.7641101628386144,-0.44114247997747774,-0.47586567217954173,0.09640630182132942,0.2222564130355597,1.1220071248721872,1.2001615875465745,0.6579658809674043
7731,-1.0248575999901663,-0.9117630274419779,-0.9319124240447639,-1.402116278227616,0.11563786537906845,-1.3789878264207087,-1.256472330183968,-1.3611958610122872,0.8742098902939964,-1.284364840829907,-1.4045293943458599,-0.6533119420380724,0.048844599585040296,1.0897073052740098,1.2710888717107176,1.1465258072006002,0.5949638060235973
1803,1.645818541006779,1.5579116344707205,1.5599365613891225,1.0881789292009045,-0.5170360726707419,1.3951323708554506,1.4070574197984034,1.2731475196698534,0.4514495734831648,1.5259794753492772,1.1595269264337538,-1.144543790849022,-0.7471526625352078,0.9383923136773782,1.2625949707808324,1.4323191727136944,0.8254420996001423
7269,0.12649098044560167,0.08659084217035809,0.15440962870226077,0.033357349878936,-0.7364270232034397,-0.045120382564546556,0.0010693403601208867,-0.02559468869410379,0.5814747048901858,-0.1549300323875788,0.08682161303053922,-0.26808996669568336,0.20998602303156538,0.6666773108162816,1.1160018160404233,0.8670683604395844,0.7581118701674886
8628,-0.46353974420190747,-0.48485533943641346,-0.450078262857555,-0.5167566725504016,-0.06927227736095731,-0.5915481246348995,-0.5319593914617129,-0.5073837850619021,-0.26343656760722833,-0.7694950277410358,-0.36065290849595305,0.3064424737393365,0.46587532373225654,-0.3025469903926488,-0.5835911869450424,-0.47303033595881316,0.5327883786456179
8601,-0.3172402765441072,-0.3383944275895878,-0.26743676369953334,-0.5786992345960915,-1.0977952088074097,-0.6941206270299993,-0.6464118443952227,-0.7904719970933536,0.8339898316905183,-0.6285845111516168,-0.718295389487295,-1.2062307829018377,-0.6284314759805593,0.7017647635051334,1.4301806572342455,1.603822972023642,0.6425525147418162
1802,0.04287136734648823,-0.0552755309559233,0.02070597814376649,-0.4264694753052994,0.004524375816181063,-0.27316530968520825,-0.20299159256487723,-0.22289342466060055,-0.1623616970708844,-0.2784604319571856,-0.24908761904145138,-0.30726024297604454,0.31728169932009015,0.2568747842335198,0.579196333644842,0.5257061399074776,0.7097018176787435
9735,-0.26787427537634756,-0.1612080858253197,-0.2380568237409346,-0.4724459867514143,0.2766645912580231,-0.40880071026969256,-0.3626978761110047,-0.40082370337886786,-0.14933503376786114,-0.5074083565966175,-0.28611553208383217,-0.18831703301358996,0.05385237862579253,0.6230492743758813,0.20372177926894847,-0.028572724048729323,0.5835114414531927
3436,-0.008003717131468356,0.021912865718791398,0.05153871376807813,-0.11222784814146466,-0.6724659295358253,-0.06195129306458907,-0.07343288463104858,-0.08154795444362087,0.7943288654128512,-0.14389704396070196,0.024216870499353404,-0.546137182903835,0.2147801944000872,0.4992503381540367,1.2598013195074707,1.2565905882690382,0.7297264032247884
6758,0.4065612576110754,0.5180908008649627,0.5006869432179457,-0.32807834140993963,0.8437618375385733,-0.13136422079503687,0.015568481542987206,-0.17899397229626302,1.2188317815818368,0.1078477175667006,-0.3965964190683704,-1.4943895883365301,-0.7691963703736887,1.3924297973490247,1.5737320214997323,1.538664186999666,0.6019328711735777
6770,0.9137534478257504,0.9804903924425654,0.9865525891503463,0.47049307237774196,0.3381183087054699,0.4657485114468913,0.4526852761330142,0.1439408347238577,1.7138767316360197,0.6654162804099288,0.25416179542227907,-2.0325055916084125,-1.5318097218691555,1.9522515260224453,1.7274544264217495,1.8010272642753349,0.8063348097976712
2502,0.8836150068658413,0.9095521893222905,0.9118753192659748,0.49244132311761923,-0.11312809229015638,0.5930169980855243,0.6637404825521035,0.6766911167521398,0.2757045428476606,0.5316384412768893,0.6310112316114286,-0.36770290834092917,0.3512062170276041,0.8104866213765853,0.7385400906491378,0.33199701415797445,0.8118962523788207
