value_date,stock_code,open,close,HIGH,LOW,VOLUME,SMA,EMA,SMMA,MOMENTUM,BBAND_UPPER,BBAND_LOWER,MACD,MACD_SIGNAL,RSI,STOCH,STOCHAS_SIGNAL,PSARBULL,PSARBEAR
2016-01-04,6125,166,164,168,164,106000,,164.0,164.0,,,,0.0,,,,,,
2016-01-05,6125,159,161,162,159,132000,,162.34999999999997,162.42105263157896,,,,0.04166666666665719,,0.0,,,,
2016-01-06,6125,162,168,162,159,69000,,161.00332225913618,161.15867158671588,,,,0.09052360580017194,,0.0,,,,168.0
2016-01-07,6125,158,162,158,153,126000,,158.69603960396037,159.07705728409422,,,,0.2228389870105616,,0.0,,,,162.0
2016-01-08,6125,150,158,158,149,180000,,156.77378874924017,157.34888036922175,,,,0.3326304587481843,,0.0,,,,158.0
2016-01-12,6125,149,157,150,142,254000,,153.71572912298808,154.713378678032,,,,0.5777833344622252,,0.0,,,,157.0
2016-01-13,6125,146,150,150,146,60000,,152.5794278397427,153.61823880287466,,,,0.5831070763954642,,20.2165324048227,,,,150.0
2016-01-14,6125,146,149,146,143,153000,,150.85507147887225,152.1050267535957,,,,0.6939575345703304,,16.602002484146084,,,,149.0
2016-01-15,6125,147,146,148,138,97000,,148.27582278460727,149.96570826215572,,,,0.9409100566774953,0.38704641337012113,12.881593460045949,,,,146.0
2016-01-18,6125,134,145,134,130,199000,150.2,145.27709819838455,147.5144293171432,,168.59130229211624,131.80869770788374,1.2432545217903623,0.5251858046801614,10.724740889636792,,,,145.0
2016-01-19,6125,133,130,145,133,132000,147.5,143.58619051625416,145.98213673768473,83.53658536585365,164.89540169125164,130.10459830874836,1.2948650022576942,0.6644300641902766,19.440470097821674,,,130.0,
2016-01-20,6125,139,130,140,131,121000,144.6,141.27129085618847,144.03359823888482,81.98757763975155,161.69268849537718,127.50731150462279,1.47443770320902,0.8181982972357041,16.5418566931705,,,130.0,
2016-01-21,6125,131,130,135,130,125000,141.7,139.05908304178297,142.15194822886087,81.76100628930818,157.85054178657793,125.54945821342204,1.625215741913422,0.9740179366693553,15.543518809522027,,,130.0,
2016-01-22,6125,138,130,140,134,95000,140.2,139.04765204751334,141.74325824705218,90.25974025974025,154.13700111214746,126.2629988878525,1.3267029564898678,1.0844704364184312,34.6552897315828,,,130.0,
2016-01-25,6125,141,130,145,141,66000,139.3,139.8035163342622,141.90151636552184,94.07894736842105,151.0660528640662,127.53394713593383,0.9277467254714509,1.1233552576416785,41.04114610170396,,,130.0,
2016-01-26,6125,140,130,140,136,66000,138.4,139.08290784615326,141.1771354903604,93.79310344827586,149.6498888883402,127.15011111165983,0.9154216557982409,1.1602790997975427,34.6579980885092,27.450980392156865,,130.0,
2016-01-27,6125,138,130,141,138,126000,137.5,139.2553413013068,141.03586140549717,93.95973154362416,146.41066776397818,128.58933223602182,0.7148457132554427,1.162600008540333,40.365662955526986,31.521739130434785,,130.0,
2016-01-28,6125,138,130,140,138,30000,136.9,139.20762753703912,140.796321629653,95.86206896551724,144.40732975164937,129.39267024835064,0.5998061185882477,1.1246995709748608,39.43817656009735,28.40909090909091,29.127270143894183,130.0,
2016-01-29,6125,137,130,141,137,85000,136.9,139.16902442942583,140.58863393937216,100.0,144.40732975164937,129.39267024835064,0.5040290882178056,1.0425634116890212,39.43817656009735,36.84210526315789,32.25764510089453,130.0,
2016-02-01,6125,142,130,144,142,60000,137.8,139.87838471404538,140.863144637799,106.71641791044777,145.83990049689672,129.7600995031033,0.2527044445950821,0.9267677941709533,45.27177073368372,45.588235294117645,36.94647715545548,130.0,
2016-02-02,6125,145,130,145,143,53000,138.4,140.45446902617186,141.10308410833824,104.37956204379562,146.98836422143356,129.81163577856645,0.07492518630365907,0.771266403403691,45.27177073368372,60.3448275862069,47.591722714494146,130.0,
2016-02-03,6125,140,130,140,137,62000,139.1,140.1867817618891,140.8698028366679,105.3030303030303,146.5538580614337,131.6461419385663,0.12680206273259387,0.6047759946058212,40.72250672676165,62.5,56.144354293441516,130.0,
2016-02-04,6125,137,130,139,137,48000,139.8,139.60157453484402,140.4451893197489,105.38461538461539,144.5159304490207,135.08406955097934,0.24605885367853375,0.48470442762678406,38.63216452304755,56.86274509803921,59.90252422808204,130.0,
2016-02-05,6125,135,130,135,133,83000,139.2,138.39148857327754,139.63613500264245,95.68345323741008,145.44819974072533,132.95180025927465,0.4964629989673597,0.4367840135707739,34.78620574058549,39.58333333333333,52.982026143790854,130.0,
2016-02-08,6125,124,145,133,124,171000,138.1,137.2216484853059,138.8134619709825,92.3076923076923,145.11141925718323,131.08858074281676,0.6956229651278818,0.4123619368296229,33.87817554713699,35.294117647058826,43.91339869281046,,145.0
2016-02-09,6125,127,133,127,122,161000,136.8,134.62179991613343,137.12288629506378,90.44117647058823,148.28216007552584,125.31783992447419,1.2120867120915761,0.4676109367003044,27.037651332763744,20.33898305084746,31.738811343746537,,133.0
2016-02-10,6125,123,127,123,116,274000,134.6,131.5861899459732,135.0925331650222,84.28571428571429,150.4037970121107,118.79620298788932,1.7498761066387658,0.5953964909281397,24.12344153118616,15.068493150684931,23.567197949530406,,127.0
2016-02-12,6125,116,123,116,107,378000,131.7,127.64713303307876,132.44470646490257,79.13669064748201,152.92357180118364,110.47642819881635,2.421806533058998,0.8084828736882722,20.344988954677135,6.666666666666667,14.024714289399688,,123.0
2016-02-15,6125,115,116,121,115,104000,129.5,125.70552557017285,130.82389343894812,84.17266187050359,151.77554713132758,107.22445286867242,2.4865810802886443,1.0566913887653346,30.589528451840366,14.285714285714285,12.006958034355295,,116.0
2016-02-16,6125,117,107,127,117,90000,127.7,125.57693580088441,130.21572304774136,87.41258741258741,148.15580602176303,107.24419397823698,2.0916077892352263,1.280767233535509,40.07509591046554,27.192982456140353,16.048454469507103,107.0,
2016-02-17,6125,123,107,131,123,84000,126.1,125.8361900584083,129.88139546275332,88.81118881118881,143.84147682691597,108.35852317308404,1.6691352524894114,1.452137587952933,42.20165954541264,42.10526315789473,27.86131996658312,107.0,
2016-02-18,6125,131,107,133,129,36000,125.4,126.95870830005899,130.10078920386943,94.96402877697841,141.52947612292465,109.27052387707538,1.1040021759448564,1.5474646237603022,47.24225614832814,55.26315789473685,41.52046783625732,107.0,
2016-02-19,6125,129,108,130,129,3000,124.7,127.51240717341342,130.09038888068963,94.8905109489051,139.28903697986937,110.11096302013064,0.7786983799156957,1.5788241105323395,45.531746388868015,59.64912280701754,52.33918128654971,108.0,
2016-02-22,6125,127,109,130,127,31000,124.4,127.96518970647668,130.08109140338172,97.74436090225564,138.40571312000912,110.39428687999089,0.5345004135757421,1.560921604804324,45.531746388868015,62.28070175438597,59.06432748538012,109.0,
2016-02-23,6125,131,110,131,128,28000,124.0,127.97152449330935,129.8676392230408,96.96969696969697,137.32666499916598,110.67333500083402,0.4442998980046582,1.4756119587946666,43.69683833027886,61.46788990825688,61.13257148988679,110.0,
2016-02-24,6125,128,111,129,127,65000,124.5,127.97670563404985,129.67657083576785,104.06504065040652,138.01295674528694,110.98704325471306,0.369586955858054,1.3222464975968096,43.69683833027886,63.10679611650486,62.285129259715895,111.0,
2016-02-25,6125,127,112,129,127,13000,125.6,128.16287015959114,129.6075135776387,109.32203389830508,138.59846144741738,112.60153855258261,0.26176489287854565,1.0822418709100927,44.98253913036041,68.81720430107528,64.46396344194567,112.0,
2016-02-26,6125,131,113,131,127,41000,127.4,128.13324294943394,129.44377430503374,116.36363636363636,135.20768851837704,119.59231148162297,0.22664097917765957,0.8311374152310944,43.90288445656039,74.4186046511628,68.78086835624764,113.0,
2016-02-29,6125,126,114,128,126,26000,128.5,128.109007284806,129.29698614270305,109.40170940170941,132.10555127546357,124.89444872453643,0.19589879956927803,0.620503083045989,43.90288445656039,80.0,74.41193631741268,114.0,
2016-03-01,6125,131,115,131,125,31000,128.8,128.08918130365825,129.1653417074453,102.4,131.59999999999948,126.00000000000054,0.16906654388913012,0.45382878209040217,43.90288445656039,80.76923076923077,78.39594514013119,115.0,
2016-03-02,6125,130,116,131,130,39000,129.2,128.61856251935583,129.35128104958613,103.14960629921259,131.99999999999946,126.4000000000005,0.007669630295936258,0.3320140547960777,48.53156463046275,84.61538461538461,81.79487179487178,116.0,
2016-03-03,6125,131,117,133,127,91000,128.9,128.6879299537677,129.31572727653995,97.72727272727273,130.9880613017814,126.81193869821858,-0.009779486562763395,0.24440540296513782,45.81737450593184,84.28571428571429,83.22344322344321,117.0,
2016-03-04,6125,130,117,134,129,50000,129.3,129.65393366231214,129.7892569560354,103.07692307692307,132.99323706252352,125.60676293747652,-0.2515459679955825,0.15706691612387955,52.908046155209284,90.1639344262295,86.35501110910945,117.0,
2016-03-07,6125,135,118,136,133,64000,129.6,130.2623984087952,130.11347544617635,102.30769230769229,133.9081318457073,125.29186815429271,-0.3614348158841949,0.06754083680289587,51.45763272928305,85.41666666666666,86.62210512620345,118.0,
2016-03-08,6125,134,119,134,131,41000,130.1,130.76020376025303,130.40466943205874,103.90625,134.6999999999997,125.5000000000003,-0.42472174687958386,-0.020715685723508334,51.45763272928305,85.36585365853658,86.98215158381089,119.0,
2016-03-09,6125,132,120,132,128,33000,130.1,130.25829935967687,130.1622986256413,100.0,134.6999999999997,125.5000000000003,-0.22405970999156466,-0.07469619715352059,44.39953201597748,60.0,76.92750677506773,120.0,
2016-03-10,6125,128,121,130,128,45000,130.1,130.0294993179804,130.0452412080475,100.0,134.6999999999997,125.5000000000003,-0.12742159550998622,-0.11403648322992568,45.99499501833891,45.45454545454545,63.60679970436065,121.0,
2016-03-11,6125,129,122,133,129,41000,130.6,130.56962577421163,130.34260914589154,103.90625,135.26476151587593,125.93523848412406,-0.24251077102366025,-0.16274865774025216,51.9361577847019,45.45454545454545,50.303030303030276,122.0,
2016-03-14,6125,133,123,135,133,61000,131.3,131.37519158645657,130.81103060787723,105.46875,136.2839743177506,126.31602568224945,-0.4051948021409828,-0.22655547396582026,54.62408511071133,66.66666666666666,52.52525252525249,123.0,
2016-03-15,6125,134,124,136,134,27000,132.1,132.21610276173416,131.33261567929912,106.25,137.27300686255077,126.92699313744922,-0.5489855879938546,-0.28840605377579703,55.95054542231988,87.87878787878788,66.66666666666663,124.0,
2016-03-16,6125,135,125,136,134,7000,132.6,132.90410879122712,131.80152911838027,103.81679389312977,138.19999999999976,127.00000000000023,-0.6294412646696514,-0.35725736245434014,55.95054542231986,96.96969696969697,83.83838383838382,125.0,
2016-03-17,6125,136,126,141,136,137000,133.8,134.37613227290515,132.7252322588009,109.30232558139534,140.7742383096649,126.82576169033513,-0.895193605918962,-0.42877376666804895,62.33528166162316,100.0,94.94949494949492,126.0,
2016-03-18,6125,138,127,139,137,24000,134.1,134.85321060414554,133.1543211637579,102.23880597014924,141.33602100605003,126.86397899394996,-0.8630253328559832,-0.484506046331581,55.4152739227707,90.69767441860465,95.88912379610052,127.0,
2016-03-22,6125,137,128,137,134,94000,134.4,135.06172186925843,133.4398545476575,102.25563909774435,141.67736215946394,127.12263784053609,-0.7685640324749841,-0.5227107447310699,53.80708591895513,80.43478260869566,90.37748567576675,128.0,
2016-03-23,6125,136,129,137,135,37000,134.8,135.4141417476904,133.796955842379,103.00751879699249,142.16478105580862,127.4352189441914,-0.727114368729076,-0.5786057068130156,55.20700245528816,70.45454545454545,80.52900082728189,129.0,
2016-03-24,6125,137,130,137,134,20000,135.4,135.15702167998666,133.81731602319923,104.6875,141.2787753826794,129.5212246173206,-0.5382624383763925,-0.6242546893537274,50.28366457366341,60.97560975609756,70.62164593977953,130.0,
2016-03-25,6125,136,131,136,134,26000,135.9,134.94665183495368,133.8356295643939,103.87596899224806,140.13792402008312,131.6620759799169,-0.39386149165207485,-0.6410714360902179,50.28366457366341,55.00000000000001,62.143385070214315,131.0,
2016-03-28,6125,137,141,137,131,88000,136.3,135.3199911564597,134.1527701943478,103.00751879699249,140.09999999999968,132.50000000000034,-0.4224281338878484,-0.6429862507287586,54.94371116313634,53.84615384615385,56.60725453408378,,141.0
2016-03-29,6125,135,136,135,132,18000,136.1,134.898171539807,134.03726254331454,98.51851851851852,140.3379240200831,131.86207597991688,-0.24418478111800823,-0.6091194944092201,48.42602570917149,51.28205128205128,53.37606837606835,,136.0
2016-03-30,6125,133,135,133,130,24000,135.6,134.18940889500067,133.7329895072032,96.32352941176471,140.83067873224857,130.36932126775142,-0.0237185247399907,-0.5418169677503689,45.51853477938687,43.58974358974359,49.572649572649546,,135.0
2016-03-31,6125,129,133,130,125,109000,134.9,133.24587544886558,133.25892384569397,94.85294117647058,141.43911308970854,128.36088691029147,0.21854848886573564,-0.4180678461076247,42.75412604221461,28.57142857142857,41.14774114774113,,133.0
2016-04-01,6125,125,130,130,122,61000,133.8,132.6557139447127,132.93255640775007,92.19858156028369,139.51314274283413,128.0868572571659,0.32967313217307037,-0.28554579443772987,44.5668764912572,31.25,34.470390720390704,,130.0
2016-04-04,6125,129,129,129,126,27000,132.8,131.62739899437017,132.33852257046541,92.7007299270073,139.36048778674257,126.23951221325744,0.5332030358821385,-0.14090500906471626,40.430596593984895,31.48148148148148,30.43430335097001,,129.0
2016-04-05,6125,129,122,129,125,35000,131.7,130.42241417211622,131.6038040667417,91.91176470588235,139.34460594144647,124.0553940585535,0.7468736743905424,0.02287144017079691,37.90487097701704,28.07017543859649,30.267218973359316,122.0,
2016-04-06,6125,123,129,123,120,68000,130.3,129.07288140237722,130.7425097263351,89.78102189781022,138.64505841801,121.95494158199003,0.960835379458473,0.18943786437467086,35.51552550817932,18.64406779661017,26.06524157222937,,129.0
2016-04-07,6125,123,123,124,121,20000,129.3,128.1505376962365,130.0676142251567,92.53731343283582,138.02009174263665,120.57990825736337,1.029957218490722,0.34763994327942604,37.63241195100986,16.94915254237288,21.221131925859837,,123.0
2016-04-08,6125,120,120,124,120,31000,128.3,127.39589338558703,129.46033083986546,92.53731343283582,136.9278618440492,119.67213815595082,1.045057508787906,0.5106939035767321,37.632411951009864,19.298245614035086,18.2971553176727,120.0,
2016-04-11,6125,124,120,124,122,11000,126.9,126.59663909548466,128.81379762751982,89.78102189781022,133.79637585982672,120.0036241401733,1.0692765356764085,0.6566340498872228,36.25219893740595,20.754716981132077,19.00070504584667,120.0,
2016-04-12,6125,122,120,124,122,10000,126.0,126.12452243849361,128.33208249536284,93.23308270676691,131.7271284253106,120.27287157468938,1.0066184864691792,0.771115940021575,38.67440194636851,21.568627450980394,20.540530015382508,120.0,
2016-04-13,6125,125,120,127,125,44000,125.6,126.28370030323974,128.19879072803784,96.94656488549617,130.34973683481527,120.85026316518473,0.7947735440965857,0.8351409461583361,45.379524846128916,27.450980392156865,23.258108274756434,120.0,
2016-04-14,6125,127,120,129,127,53000,125.6,126.77757329597007,128.27895686259066,100.0,130.34973683481527,120.85026316518473,0.5346106549189642,0.857911782018991,49.355050133426005,39.21568627450981,29.411764705882344,120.0,
2016-04-15,6125,127,120,129,126,35000,125.4,126.99983281474782,128.25104701127864,98.46153846153847,129.5182520563949,121.28174794360508,0.3882035968491948,0.8418007332375529,47.49369313715194,48.97959183673469,38.54875283446711,120.0,
2016-04-18,6125,126,120,127,124,12000,125.2,126.63622669042593,127.92579374229368,98.4251968503937,129.17994974842662,121.2200502515734,0.415611750006903,0.8049938527504819,42.33538236696208,48.888888888888886,45.694722333377776,120.0,
2016-04-19,6125,125,120,127,125,79000,125.4,126.70236731568222,127.8331762931869,101.6,129.5182520563949,121.28174794360508,0.3290706468073097,0.734797771344797,46.506620833170246,52.63157894736842,50.16668655766398,120.0,
2016-04-20,6125,127,120,128,126,59000,125.7,126.5746641302281,127.64979081335234,102.4390243902439,129.5000000000001,121.89999999999988,0.30651702356621513,0.6544155274642962,44.7630872325719,54.54545454545454,52.02197412723726,120.0,
2016-04-21,6125,128,120,129,126,52000,126.1,126.83381616822982,127.68482339750457,103.2258064516129,129.94187454245983,122.25812545754017,0.1895119379098702,0.5593549084778479,48.890095025934386,72.41379310344827,59.86360886542372,120.0,
2016-04-22,6125,128,120,128,126,26000,126.5,127.04584963347766,127.7163505061345,103.2258064516129,130.21483512420144,122.78516487579856,0.1044773136655408,0.45215499492108474,48.890095025934386,78.57142857142857,68.51022540677711,120.0,
2016-04-25,6125,129,120,131,129,47000,127.3,127.76478617829963,128.04480404653734,106.5040650406504,131.10000000000008,123.49999999999991,-0.09475984773663981,0.3297796244537715,54.769075070040614,93.10344827586206,81.36288998357962,120.0,
2016-04-26,6125,131,120,131,126,21000,127.8,127.98937053879415,128.14034683484243,104.03225806451613,131.00000000000009,124.59999999999991,-0.13440536730435326,0.22653752318700052,50.59111230784699,90.32258064516128,87.33248583081729,120.0,
2016-04-27,6125,127,120,130,126,51000,128.1,128.35493957073086,128.3263527889161,102.36220472440945,131.50000000000006,124.69999999999992,-0.2032604221411134,0.14455184795810302,52.54053787540842,90.9090909090909,91.4450399433714,120.0,
2016-04-28,6125,130,120,131,125,82000,127.9,128.10858690000933,128.19369142521182,98.44961240310077,131.3000000000001,124.49999999999993,-0.10515493783793772,0.08973423299286606,46.60039226161038,77.41935483870968,86.21700879765395,120.0,
2016-05-02,6125,123,120,126,122,20000,127.4,127.17975285187264,127.67423035660266,96.09375,131.8899888641288,122.9100111358712,0.1491051873867093,0.06012239270173344,40.09187108942458,55.172413793103445,74.50028651363466,120.0,
2016-05-06,6125,125,120,129,124,15000,127.8,127.51070689813807,127.80682843956205,103.2,132.07083130081259,123.52916869918741,0.03970974310355757,0.027971181179094314,51.11995970546111,48.148148148148145,60.24663892665375,120.0,
2016-05-09,6125,126,120,128,123,70000,127.6,127.05421471302206,127.52610535644476,98.4251968503937,132.1782092569039,123.02179074309609,0.14905047868582244,0.010474898414606236,45.152497305400985,40.74074074074074,48.02043422733076,120.0,
2016-05-10,6125,126,120,127,124,34000,127.6,126.8625393031589,127.37347513043153,100.0,132.1782092569039,123.02179074309609,0.17232586043650144,0.008565334250898596,46.82374801341944,51.85185185185185,46.91358024691357,120.0,
2016-05-11,6125,126,120,127,125,12000,127.5,126.88753215792967,127.33612328060303,99.21875,132.08257569495592,122.9174243050441,0.13662542076798445,0.012137346151170113,48.513273358533326,44.44444444444444,45.679012345679006,120.0,
2016-05-12,6125,127,120,127,124,15000,127.4,126.90798085702322,127.30250743983272,99.21875,131.9782092569039,122.8217907430961,0.1082551100381437,0.034694563681701616,48.513273358533326,51.85185185185185,49.38271604938271,120.0,
2016-05-13,6125,127,120,128,125,23000,126.8,126.56107523922525,127.07223503962628,95.41984732824427,130.87921561087433,122.72078438912567,0.17802723196048476,0.06940929693335028,45.183417559716034,48.148148148148145,48.148148148148145,120.0,
2016-05-16,6125,123,120,124,120,224000,126.0,125.54997063255657,126.46496013500614,93.7984496124031,131.0596442562695,120.94035574373048,0.40439501243007214,0.13692656744125978,39.36400899367144,31.03448275862069,43.67816091954023,120.0,
2016-05-17,6125,120,120,126,120,42000,125.6,125.63179415508309,126.41846057929268,96.92307692307692,129.90813184570774,121.29186815429225,0.3144166831017401,0.18354563643455732,48.32357423704227,32.25806451612903,37.14689847429929,120.0,
2016-05-18,6125,125,120,125,121,69000,125.2,125.15328612127279,126.07659108292296,96.8503937007874,129.65421149026417,120.74578850973582,0.3822953393715238,0.20945565332175894,44.111958583110095,30.303030303030305,31.198525859260013,120.0,
2016-05-19,6125,124,120,128,124,40000,125.6,125.48905228426408,126.1689376727525,103.2520325203252,129.90813184570774,121.29186815429223,0.23186578828479298,0.23080632500856288,50.32813801599722,48.484848484848484,37.01531443466928,120.0,
2016-05-20,6125,127,120,128,126,16000,125.4,125.76377005291887,126.25204852089581,98.44961240310077,129.21575680566798,121.58424319433203,0.12290221747309715,0.2279009626515934,50.32813801599722,51.515151515151516,43.43434343434344,120.0,
2016-05-23,6125,126,120,127,126,3000,125.6,125.98853913565051,126.32684740725144,101.6,129.51918358845325,121.68081641154673,0.04536065208142759,0.21379371727880742,50.32813801599722,63.63636363636363,54.54545454545454,120.0,
2016-05-24,6125,125,120,127,125,31000,125.5,125.80880474640556,126.19415669783781,99.20634920634922,129.4242833740699,121.5757166259301,0.08378291559814954,0.2079223278154924,47.05943534246602,61.29032258064516,58.8139459107201,120.0,
2016-05-25,6125,126,120,128,124,47000,125.6,126.2072038851363,126.37474833908377,100.78740157480314,129.71825205639496,121.48174794360503,-0.03124759046185943,0.19242202775993653,52.08633157733683,68.96551724137932,64.63073448612937,120.0,
2016-05-26,6125,128,120,128,126,70000,125.6,126.35134863380058,126.43727578338718,100.0,129.71825205639496,121.48174794360503,-0.06199910106238349,0.16575243520184005,50.36944369863358,76.92307692307693,69.05963891503382,120.0,
2016-05-27,6125,127,120,128,126,32000,125.7,126.28746706383473,126.39354677109324,100.8,129.8036569057368,121.5963430942632,-0.034754010253905676,0.11695809934806473,48.64272825982855,84.0,76.6295313881521,120.0,
2016-05-30,6125,126,120,127,126,16000,126.3,126.41701850707906,126.45419388384185,104.95867768595042,128.99072480941496,123.60927519058502,-0.0613956611723836,0.07520117220649543,50.47123189200708,83.33333333333334,81.41880341880345,120.0,
2016-05-31,6125,128,120,128,126,31000,126.5,126.70483332452852,126.60877860144402,101.58730158730158,129.3635642126555,123.63643578734452,-0.12369475047383105,0.018980051112567113,52.30015535208117,87.5,84.94444444444447,120.0,
2016-06-01,6125,125,120,127,125,42000,126.8,126.5766818107758,126.54789928596382,102.4390243902439,128.5435595774166,125.0564404225834,-0.06975277261710744,-0.014533122320977377,48.446974904551226,87.5,86.11111111111113,120.0,
2016-06-02,6125,125,120,128,125,22000,126.7,126.47183057231763,126.4931081785514,99.21259842519686,128.5000000000003,124.89999999999968,-0.03109196345397436,-0.03164358686842977,48.446974904551226,83.33333333333334,86.11111111111113,120.0,
2016-06-03,6125,125,120,126,124,56000,126.6,126.38604319544204,126.44379640585959,99.21259842519686,128.43303027798265,124.76696972201734,-0.003964893488173971,-0.03712420304282994,48.446974904551226,75.0,81.94444444444446,120.0,
2016-06-06,6125,123,120,125,122,61000,126.3,125.95221715953241,126.19941250641159,97.63779527559055,128.67486841740785,123.92513158259214,0.10682772667296092,-0.03456366847896201,44.36465075508057,65.21739130434783,74.5169082125604,120.0,
2016-06-07,6125,123,120,125,123,20000,126.3,125.7790867667678,126.07946937455351,100.0,128.67486841740785,123.92513158259214,0.13238495944972328,-0.01638227404434171,46.779417217083676,57.14285714285714,65.78674948240167,120.0,
2016-06-08,6125,123,120,125,123,27000,125.9,125.45561644535026,125.87151950171595,96.875,128.34131112314705,123.45868887685297,0.1917657000713433,0.011813814970516824,44.69048628644253,42.10526315789473,54.821837201699914,120.0,
2016-06-09,6125,123,120,125,123,27000,125.6,125.19095890970682,125.68436517389185,97.63779527559055,128.16124969497343,123.03875030502655,0.22606141113051592,0.040793306235452555,44.69048628644253,38.88888888888889,46.045669729880274,120.0,
2016-06-10,6125,124,120,124,122,19000,125.4,124.97442092603995,125.51592673060928,98.4126984126984,128.1129319932504,122.6870680067496,0.2423212340076759,0.07453962792212583,44.69048628644253,33.33333333333333,38.10916179337233,120.0,
2016-06-13,6125,122,131,123,119,97000,124.7,124.06998075738262,124.96432838136408,94.48818897637796,128.7049968789004,120.69500312109962,0.4304872226521468,0.13611540271390116,36.53895135204672,23.809523809523807,32.01058201058202,,131.0
2016-06-14,6125,120,123,121,115,80000,123.4,122.42089334652212,123.96788631479194,89.84375,129.9238025721202,116.87619742787982,0.7753845855211381,0.23001955361815066,29.33587449002816,10.714285714285714,22.61904761904762,,123.0
2016-06-15,6125,110,121,115,110,147000,122.3,121.0716400105048,123.07109020829442,91.26984126984127,130.25235814082856,114.34764185917142,0.9849955836245954,0.34291816996021396,29.33587449002816,15.0,16.50793650793651,,121.0
2016-06-16,6125,112,115,112,106,121000,120.3,118.33134182630134,121.36396838110892,84.12698412698413,132.46716893940425,108.13283106059576,1.5119631549399202,0.5113546197855577,20.783000274411222,9.433962264150944,11.716082659478891,,115.0
2016-06-17,6125,106,112,110,106,108000,118.5,116.45291603943453,120.02756252018541,85.71428571428571,132.01295674528723,104.98704325471276,1.7298500326713508,0.6916904315631567,25.949686830774965,11.29032258064516,11.908094948265372,,112.0
2016-06-20,6125,115,106,115,113,34000,117.4,115.8251131231008,119.32480199791557,91.12903225806451,130.73266664999935,104.06733335000068,1.5933473077791689,0.8540195813775395,37.010489642124384,13.636363636363635,11.453549493719917,106.0,
2016-06-21,6125,115,106,115,113,6000,116.2,115.31145619157914,118.6923183392249,90.4,128.7155902777298,103.6844097222702,1.4519193925416403,0.9940366583186836,37.010489642124384,24.242424242424242,16.389703486477682,106.0,
2016-06-22,6125,113,106,113,108,28000,114.6,113.9821005202796,117.62308124264483,87.09677419354838,126.8049170419141,102.3950829580859,1.5422783581958583,1.1402829857703882,31.545744650944698,25.0,20.959595959595966,106.0,
2016-06-23,6125,108,106,110,108,21000,113.2,113.25808224381909,116.86076974157461,88.70967741935483,123.88831137271018,102.51168862728983,1.4636820176378222,1.2759897395070712,35.63938717442501,21.311475409836063,23.51796655075344,106.0,
2016-06-24,6125,119,115,119,105,74000,111.4,111.93843092669242,115.77468843751132,85.48387096774194,120.08101376568466,102.71898623431535,1.5500573543145464,1.4003864208028933,31.572740640991825,11.864406779661017,19.391960729832366,,115.0
2016-06-27,6125,106,105,115,106,19000,110.4,111.58598894000608,115.19721752176501,91.66666666666666,116.92380257212056,103.87619742787945,1.3762173576515693,1.4671456177062747,39.0610817963629,16.94915254237288,16.708344910623325,105.0,
2016-06-28,6125,108,105,109,106,40000,109.7,110.93399095089134,114.47749344542241,93.91304347826087,115.56856030044909,103.83143969955091,1.3085035945437227,1.5030909522528444,36.88743194978312,15.0,14.604519774011303,105.0,
2016-06-29,6125,109,105,111,107,37000,109.3,110.94599259618415,114.12974309020586,96.52173913043478,114.12078831727833,104.47921168272167,1.0839433990275893,1.4555332015959186,42.092826219334505,23.728813559322035,18.559322033898308,105.0,
2016-06-30,6125,112,105,112,110,50000,109.7,110.77399394232849,113.71676770096997,103.77358490566037,113.9941821107176,105.4058178892824,0.9447351618936892,1.3682982159539563,40.882401984308935,24.561403508771928,21.096739022697992,105.0,
2016-07-01,6125,112,105,113,111,29000,110.2,111.1787223164583,113.64509076213683,104.62962962962963,114.74312667664098,105.65687332335902,0.6829715815863153,1.2671453574880838,45.90779622469365,35.84905660377358,28.046424557289185,105.0,
2016-07-04,6125,114,105,114,113,9000,110.2,111.50986371347103,113.58058154924694,100.0,114.74312667664098,105.65687332335902,0.4847632631514216,1.1596835653336148,45.90779622469365,43.75,34.72015337084851,105.0,
2016-07-05,6125,112,105,113,112,16000,110.2,111.78079758375249,113.52252328361458,100.0,114.74312667664098,105.65687332335902,0.3356756856350245,1.0256166017157444,45.90779622469365,54.54545454545454,44.71483704974272,105.0,
2016-07-06,6125,113,105,113,110,29000,110.6,111.82065256852518,113.37027069396426,103.7037037037037,115.00000000000075,106.19999999999924,0.2705802273271729,0.8930497361256724,44.33863184517477,54.761904761904766,51.019119769119776,105.0,
2016-07-07,6125,113,105,113,110,26000,110.7,111.67144301061023,113.13324325846985,100.9090909090909,115.08634243989303,106.31365756010698,0.26434390999980906,0.7501926867573682,42.76446863165005,50.0,53.102453102453104,105.0,
2016-07-08,6125,111,105,113,111,33000,111.2,111.54936246322569,112.91991863608361,104.71698113207549,114.27245829914851,108.1275417008515,0.25198874412490113,0.6252783963655162,42.76446863165005,45.23809523809524,50.00000000000001,105.0,
2016-07-11,6125,113,105,114,113,12000,111.6,111.99493292445993,113.02792690760182,103.63636363636364,114.97045990927148,108.2295400907285,0.097410209151775,0.4907124646552998,49.05722207735506,50.0,48.412698412698425,105.0,
2016-07-12,6125,113,105,117,113,121000,112.5,112.90494512001695,113.42513466408504,108.33333333333333,116.32099463490935,108.67900536509065,-0.14868634387674717,0.35375360433259573,54.45039444667256,64.28571428571429,53.17460317460319,105.0,
2016-07-13,6125,117,105,120,117,59000,113.2,113.83131873456287,113.88262166128088,106.30630630630631,118.08262224629408,108.31737775370593,-0.3568536614751423,0.2091326239582811,56.11806727697967,79.06976744186046,64.45182724252493,105.0,
2016-07-14,6125,115,105,116,112,216000,113.8,114.22562441918905,114.09435968826517,105.45454545454544,118.43033476111668,109.16966523888331,-0.39447911775252464,0.0894158795872989,52.01621812216373,81.3953488372093,74.9169435215947,105.0,
2016-07-15,6125,116,105,117,115,51000,114.2,114.73005634297417,114.38492395794282,103.53982300884957,119.16386945839687,109.23613054160313,-0.4539646845061185,-0.014887225707983336,53.8332436539664,79.06976744186046,79.8449612403101,105.0,
2016-07-19,6125,119,105,119,111,94000,114.5,114.96095518970661,114.54643168146204,102.65486725663717,119.50000000000051,109.49999999999949,-0.4341098471308271,-0.10041895157085573,51.723922578684636,73.17073170731707,77.87861599546231,105.0,
2016-07-20,6125,115,105,116,114,55000,114.7,114.9680542461236,114.5917885434724,101.76991150442478,119.60306026885303,109.79693973114698,-0.3611585773319774,-0.1706121520885391,49.629720176646764,67.56756756756756,73.26935557224839,105.0,
2016-07-21,6125,116,105,117,115,26000,115.2,115.33749892864711,114.83260983322921,104.46428571428572,119.91593044902115,110.48406955097886,-0.3929712999706112,-0.2436471754185858,53.669937834354506,63.63636363636363,68.1248876370828,105.0,
2016-07-22,6125,116,105,119,115,44000,115.8,115.63977185071161,115.04934896663055,105.40540540540539,119.67814388593364,111.92185611406636,-0.40241464145393024,-0.31635866270512264,53.669937834354506,63.33333333333333,64.84575484575487,105.0,
2016-07-25,6125,117,105,119,116,78000,116.6,116.25072242331007,115.44441426145268,107.2072072072072,119.31293199325087,113.88706800674912,-0.48873276054003156,-0.3814856593375456,57.61299020933097,76.66666666666667,67.87878787878792,105.0,
2016-07-26,6125,120,105,122,119,33000,117.4,117.29604561907269,116.09997312127743,107.01754385964912,121.10944739819881,113.6905526018012,-0.6705870946405668,-0.4394746316446366,62.73610257078686,87.5,75.83333333333337,105.0,
2016-07-27,6125,123,106,125,122,60000,118.1,118.51494641560568,116.8899761193056,105.98290598290599,123.50000000000033,112.69999999999966,-0.8653627332585643,-0.4959756396205724,65.71148757122249,94.5945945945946,86.2537537537538,106.0,
2016-07-28,6125,126,107,126,119,21000,118.2,118.6031379764047,117.10097858193082,100.84745762711864,123.62586398650055,112.77413601349946,-0.7398150815052986,-0.5343463022597695,54.08482619358768,80.95238095238095,87.68232518232521,107.0,
2016-07-29,6125,119,109,119,116,21000,118.5,118.67529470796751,117.29088078412792,102.58620689655173,123.73450093132129,113.26549906867871,-0.6320654378113915,-0.5541352748492443,54.08482619358768,66.66666666666666,80.73788073788076,109.0,
2016-08-01,6125,119,111,125,119,46000,119.2,119.64342294288284,117.96179289773426,105.98290598290599,125.2530983801689,113.14690161983111,-0.770448280884807,-0.5915062119330199,61.90253023270182,64.44444444444444,70.68783068783073,111.0,
2016-08-02,6125,124,112,124,122,3000,119.8,120.07189149872244,118.36561371197921,105.17241379310344,125.65149553533138,113.94850446466862,-0.7481090275675655,-0.6345007064036408,57.67256376188479,71.11111111111111,67.40740740740743,112.0,
2016-08-03,6125,119,113,121,118,32000,120.1,119.69518395350009,118.32905233230538,102.60869565217392,125.19509568114307,115.00490431885692,-0.5253529475706245,-0.6492097783591978,50.27341750659439,68.88888888888889,68.14814814814818,113.0,
2016-08-04,6125,119,114,120,119,5000,120.4,119.75060505286372,118.49614713393821,102.56410256410255,125.06476151587654,115.73523848412347,-0.45070720271590403,-0.654575618499417,53.486667379308024,60.0,66.6666666666667,114.0,
2016-08-05,6125,120,115,120,119,4000,120.6,119.61413140688849,118.54653243000574,101.7094017094017,124.81426150114142,116.38573849885857,-0.3401560153496206,-0.6380670912560381,51.68820233203801,53.333333333333336,60.74074074074078,115.0,
2016-08-08,6125,119,116,119,119,11000,120.6,119.50247115109056,118.59187919466886,100.0,124.81426150114142,116.38573849885857,-0.25485502650617775,-0.591874639241106,51.68820233203801,52.38095238095239,55.238095238095276,116.0,
2016-08-09,6125,119,117,119,117,8000,120.2,119.22929457816498,118.53269126619941,96.72131147540983,124.56348484585462,115.83651515414539,-0.1431172793988651,-0.511625144367806,49.74819591869132,42.10526315789473,49.27318295739352,117.0,
2016-08-10,6125,117,126,117,116,37000,119.5,118.82396829122585,118.37942211859823,94.35483870967742,123.4242833740701,115.5757166259299,-0.016921965069542466,-0.43130368698605537,47.81549318671659,29.411764705882355,41.299326748243196,,126.0
2016-08-12,6125,116,117,116,115,53000,119.2,118.31051951100294,118.14147987742338,97.47899159663865,123.65421149026436,114.74578850973565,0.11517707740033245,-0.34827674085141935,45.89531826308495,18.181818181818183,29.899615348531796,,117.0
2016-08-15,6125,116,116,116,114,13000,118.9,117.89042505445691,117.92733186593587,97.47899159663865,123.75386443980497,114.04613556019504,0.20105405761417217,-0.24033203657375501,45.89531826308495,14.705882352941178,20.766488413547275,,116.0
2016-08-17,6125,113,115,115,113,19000,118.0,117.36489322637381,117.63459865012929,92.74193548387096,122.00000000000043,113.99999999999957,0.2991537347544835,-0.12396950742686069,43.85292177437991,13.88888888888889,15.592196474549455,,115.0
2016-08-19,6125,112,114,113,112,5000,117.1,116.571276276124,117.17113874349094,92.62295081967213,121.14474968323178,113.05525031676821,0.44866263205524604,-0.01574555413509731,40.01731324928017,12.82051282051282,13.805094687447669,,114.0
2016-08-22,6125,112,112,114,112,5000,116.6,115.9219533168287,116.75402483542527,95.76271186440678,121.26476151587663,111.93523848412336,0.5360636507806333,0.0938956518089624,40.01731324928017,10.0,12.236467236467277,112.0,
2016-08-23,6125,114,112,115,114,69000,116.1,115.75432544104166,116.57862233912225,95.83333333333334,120.24246303544204,111.95753696455795,0.48642545881861565,0.1857380378276553,45.54152807192131,12.5,11.773504273504315,112.0,
2016-08-24,6125,115,112,115,114,15000,115.7,115.61717536085227,116.42076009487404,96.63865546218487,119.3932370625244,112.0067629374756,0.43785728398847823,0.26270607232706156,45.54152807192131,18.421052631578945,13.640350877193024,112.0,
2016-08-25,6125,116,112,116,116,7000,115.4,115.68677984069733,116.37868408290721,97.47899159663865,118.39332590941981,112.4066740905802,0.3453539876736187,0.3169806575573375,48.30244910054305,29.411764705882355,20.11093911248714,112.0,
2016-08-26,6125,116,112,116,115,14000,115.2,115.74372896057054,116.34081567260817,98.30508474576271,117.69799919936015,112.70200080063985,0.27211009516283013,0.34909533091649003,48.30244910054305,37.93103448275862,28.587950606740012,112.0,
2016-08-29,6125,116,112,123,115,127000,115.7,116.88123278592136,116.90673413235926,104.27350427350429,120.43708771293122,110.96291228706879,-0.0627660811549191,0.3293238688547954,61.78433326836375,64.28571428571429,43.87617115811846,112.0,
2016-08-30,6125,122,112,133,120,484000,116.8,118.72100864302658,117.91606076248199,109.48275862068965,125.08492607088341,108.51507392911658,-0.5182894595484555,0.2493968113922812,69.0319865120924,72.5,58.23891625615767,112.0,
2016-08-31,6125,129,114,140,127,672000,118.5,121.31718888974903,119.42445474455161,114.65517241379311,131.22006289292642,105.77993710707358,-1.0876194553966059,0.09531090137549351,75.12784989568804,76.66666666666667,71.15079365079369,114.0,
2016-09-01,6125,148,117,183,146,8814000,124.0,130.1686090916129,124.48200944607902,147.82608695652172,157.11797095233948,90.88202904766051,-3.147239161642659,-0.3042337423687182,89.2199794007838,78.33333333333333,75.83333333333337,117.0,
2016-09-02,6125,162,126,174,153,3514000,130.1,138.13795289313788,129.43380865654353,153.98230088495575,173.68394199702456,86.51605800297543,-4.62922052705116,-0.8781542065722507,89.88706773314763,82.94117647058825,79.31372549019612,126.0,
2016-09-05,6125,166,133,171,156,1633000,134.6,141.74923418529465,132.29042787140224,139.8230088495575,179.46602277893595,89.73397722106404,-4.751508819729509,-1.460146904188709,70.96898836069337,77.93427230046949,79.73626070146372,133.0,
2016-09-06,6125,155,140,165,153,1328000,138.5,143.97664615160474,134.4613851393311,133.91304347826087,182.64748010928824,94.35251989071176,-4.503472931090187,-2.0091835947530052,67.1632724119022,70.4225352112676,77.09932799410848,140.0,
2016-09-07,6125,164,146,171,160,1785000,143.0,146.88998321494932,137.01524668370175,139.1304347826087,185.80186911806538,100.19813088193462,-4.473926393207989,-2.5446591926287394,69.78099632114086,63.84976525821596,70.73552425665105,146.0,
2016-09-08,6125,159,151,161,152,665000,147.0,148.54634990314037,138.91372205433893,134.48275862068965,186.29376540877698,107.70623459122302,-4.131651001620384,-3.0339659811602075,66.0033329067152,62.91079812206573,65.72769953051646,151.0,
2016-09-09,6125,159,183,159,154,431000,151.0,149.90155901166028,140.622349880501,134.48275862068965,184.5857112474933,117.4142887525067,-3.7728291672651437,-3.4461952129502325,66.0033329067152,63.507109004739334,63.422557461673705,,183.0
2016-09-12,6125,154,159,155,150,209000,154.1,150.46491191863115,141.86011491305078,125.40983606557377,181.57289573379546,126.62710426620453,-3.2753857973245033,-3.7525392504809045,63.03509219989974,59.80861244019139,62.07550652233218,,159.0
2016-09-13,6125,153,155,153,147,262000,156.1,149.8349279334255,142.3741034294445,115.74803149606299,177.66756824493658,134.5324317550634,-2.560950722370478,-3.9162427245891127,57.46863573332116,54.85436893203883,59.390030125656544,,155.0
2016-09-14,6125,148,153,149,144,258000,157.2,148.77403194552994,142.53669308869186,108.27067669172932,174.67684181996268,139.7231581800373,-1.8600731109441995,-3.773224274511506,54.86003740500971,48.78048780487805,54.48115639236945,,153.0
2016-09-15,6125,147,149,147,140,180000,154.4,147.5423897736154,142.48302377917153,83.52941176470588,171.74819875376107,137.05180124623894,-1.2360921705651151,-3.396210012679723,53.128633493823614,43.13725490196079,48.92403721295924,,149.0
2016-09-16,6125,142,147,143,141,100000,151.1,146.3528643602308,142.33472139963501,81.03448275862068,164.3499056600414,137.8500943399586,-0.7295176210603813,-2.949322101716487,52.240849696301616,38.69346733668342,43.53707001450744,,147.0
2016-09-20,6125,141,140,148,141,139000,149.8,146.106889022007,142.6012492622908,91.77215189873418,162.63121194587626,136.96878805412376,-0.5487743069013504,-2.509911143473283,55.447801158698276,35.294117647058826,39.04161329523436,140.0,
2016-09-21,6125,145,140,145,140,125000,148.7,145.54200010891483,142.64112433641438,92.85714285714286,161.78587024236435,135.61412975763562,-0.3172319309505838,-2.04805620322246,53.512942200009334,25.925925925925924,33.30450363655608,140.0,
2016-09-23,6125,142,140,145,141,116000,147.0,145.0798182709303,142.67701190305863,89.375,158.02723900167203,135.97276099832797,-0.15073457089312114,-1.6057321553638753,53.512942200009334,18.045112781954884,26.421718784979902,140.0,
2016-09-26,6125,145,140,145,140,109000,145.5,144.33803313076115,142.50931071155134,90.38461538461539,155.22625313263012,135.77374686736988,0.05891701348087963,-1.1799825797254282,51.43150374804954,6.481481481481481,16.817506729787453,140.0,
2016-09-27,6125,141,148,141,139,62000,144.0,143.7311180160773,142.35837963942305,90.38461538461539,151.04272674466338,136.95727325533662,0.19902217787310406,-0.7939372491479162,51.43150374804954,6.185567010309279,10.237387091248571,,148.0
2016-09-28,6125,141,141,144,139,104000,143.0,143.5981874676996,142.42254167585307,93.4640522875817,146.68781778291674,139.31218221708326,0.19543114521948723,-0.4876725971934756,53.527867825357795,7.368421052631578,6.678489848140802,,141.0
2016-09-29,6125,145,139,150,145,169000,143.2,144.58033520084513,143.08028751170295,101.36054421768708,147.83033476111575,138.56966523888423,-0.0899360505835034,-0.2909907015978427,59.21528886904938,18.6046511627907,10.719546408577207,139.0,
2016-09-30,6125,147,139,151,144,111000,143.6,145.2020924370551,143.57225876284514,102.77777777777777,149.05527267879407,138.14472732120592,-0.23418658157063987,-0.17966785837623434,57.94250838601823,31.08108108108108,19.018051098834473,139.0,
2016-10-03,6125,149,139,149,146,48000,144.1,145.5289847212269,143.9150328880107,103.52112676056338,149.78858506133088,138.4114149386691,-0.27847350772904633,-0.12955184578386378,56.63162705757754,46.55172413793103,32.079152127267626,139.0,
2016-10-04,6125,147,139,148,142,97000,144.3,145.06916931736745,143.82352959886126,101.41843971631207,149.67028863283875,138.92971136716127,-0.11526854981383394,-0.0813845394408064,51.60261717867829,42.0,39.87760173967072,139.0,
2016-10-05,6125,142,139,143,140,96000,143.9,144.32932035057337,143.5411766380076,97.24137931034483,149.5885850613309,138.21141493866912,0.09106306938457465,-0.03601842829245546,49.24775975997639,33.33333333333333,40.62835249042148,139.0,
2016-10-06,6125,142,139,145,141,93000,144.0,144.26944392319638,143.58705897434834,100.69930069930071,149.6568542494921,138.3431457505079,0.0894702248608894,-0.009329006542009842,52.732208960561294,28.947368421052634,34.760233918128684,139.0,
2016-10-07,6125,144,139,148,143,49000,144.0,144.03863593716065,143.52835307675056,100.0,149.6568542494921,138.3431457505079,0.13179290780300335,-0.001231684950662763,51.46384304504618,30.555555555555557,30.945419103313867,139.0,
2016-10-11,6125,143,139,145,143,14000,144.2,143.84979303949507,143.47551776894352,101.41843971631207,149.55163526410357,138.8483647358964,0.15638694216985982,-0.005968933362134344,51.46384304504618,36.11111111111111,31.871345029239794,139.0,
2016-10-12,6125,142,139,142,139,122000,144.2,143.33164885049595,143.22796599149262,100.0,149.55163526410357,138.8483647358964,0.2605309979821868,0.0012643836114989426,48.74432454484528,27.77777777777778,31.481481481481513,139.0,
2016-10-13,6125,141,151,141,138,89000,143.8,142.54407633222397,142.80516939148788,97.2027972027972,149.98384993349586,137.61615006650416,0.4153198665941602,0.05740392996457268,46.11973559584022,18.91891891891892,27.602602602602634,,151.0
2016-10-14,6125,139,141,139,138,39000,142.8,141.89969881727416,142.42465245164615,93.28859060402685,148.513142742834,137.08685725716603,0.5073209509901346,0.13979365580465875,46.11973559584022,10.526315789473683,19.07433749539016,,141.0
2016-10-17,6125,138,139,139,138,55000,141.9,141.37248085049706,142.08218720592026,93.91891891891892,146.83558507170085,136.96441492829916,0.5539887327046245,0.2322894602972888,46.11973559584021,7.6923076923076925,12.379180800233463,,139.0
2016-10-18,6125,139,138,139,139,18000,141.1,140.94112069586123,141.7739684848736,94.5578231292517,144.94187454245915,137.25812545754084,0.568533423935861,0.30826745738058825,46.11973559584021,7.6923076923076925,8.636977058029721,138.0,
2016-10-19,6125,139,138,139,138,82000,140.7,140.5881896602501,141.496571636018,97.2027972027972,144.4999999999994,136.90000000000057,0.560885724955881,0.36046997466628894,46.11973559584022,7.6923076923076925,7.6923076923077245,138.0,
2016-10-20,6125,139,138,141,139,121000,140.6,140.48124608565917,141.3469144722374,99.29078014184397,144.4157568056672,136.7842431943328,0.492296952570797,0.4052284999673898,48.14203803293429,10.256410256410255,8.547008547008579,138.0,
2016-10-21,6125,141,138,141,139,67000,140.2,140.3937467973575,141.21222302486882,97.22222222222221,143.27245829914668,137.1275417008533,0.430720031184876,0.4384426247875979,48.14203803293429,13.513513513513514,10.48741048741052,138.0,
2016-10-24,6125,141,138,141,138,52000,139.7,139.95852010692886,140.89100072207106,96.5034965034965,142.3907248094138,137.00927519058618,0.4680919603640916,0.4730765156980681,44.286482712764716,11.76470588235294,11.844876550758935,138.0,
2016-10-25,6125,140,138,140,138,30000,139.2,139.6024255420327,140.60190064961213,96.5034965034965,140.94355957741476,137.45644042258522,0.4789870521049693,0.49734941060059945,44.286482712764716,6.451612903225806,10.57661076636412,138.0,
2016-10-26,6125,139,141,139,136,84000,138.8,139.12925726166313,140.24171058436858,97.16312056737588,140.54355957741473,137.0564404225853,0.5177779741417226,0.5087336447725508,42.32104960110117,3.125,7.113772928526281,,141.0
2016-10-27,6125,137,139,138,136,41000,138.5,138.5603013959062,139.81753952563247,97.84172661870504,140.9083189157573,136.0916810842427,0.5742586606237694,0.5161711680651769,40.39062715430474,2.941176470588235,4.172596457938046,,139.0
2016-10-28,6125,135,136,140,135,47000,138.5,138.64024659665054,139.7357855730173,100.0,140.9083189157573,136.0916810842427,0.4563607049924201,0.5053236094304876,48.04683748997293,14.705882352941178,6.924019607843168,136.0,
2016-10-31,6125,139,135,139,138,16000,138.4,138.52383812453226,139.56220701561637,99.28057553956835,140.79999999999882,136.0000000000012,0.40866483641141826,0.4875604330388828,45.929200018296136,24.137931034482758,13.928329952670756,135.0,
2016-11-01,6125,138,135,139,135,99000,138.1,138.0649584655264,139.20598631387153,97.84172661870504,140.84954541697243,135.35045458302756,0.4561117919439255,0.4759188849264433,41.947173167939034,34.78260869565217,24.542140694358736,135.0,
2016-11-02,6125,135,140,135,129,171000,137.2,136.59860238088524,138.28538768205826,93.5251798561151,142.6990908339464,131.70090916605358,0.7511185990138358,0.5046768456423365,32.76853472123436,20.0,26.306846576711678,,140.0
2016-11-04,6125,126,135,135,125,196000,136.5,135.9443110389061,137.75684891363224,95.0,142.1745043836438,130.8254956163562,0.7892426345991908,0.5445126904661493,39.855001714470085,29.411764705882355,28.064791133844874,,135.0
2016-11-07,6125,132,134,132,130,53000,135.6,135.04534539546864,137.08116402201568,93.57142857142857,141.61331855134853,129.58668144865146,0.8830729776231294,0.5906216923838201,37.051166403534594,34.090909090909086,27.834224598930515,,134.0
2016-11-08,6125,129,132,130,128,48000,134.8,134.1280098690198,136.37304761957517,94.20289855072464,141.42117814289813,128.1788218571019,0.9655712720509371,0.6446866057111499,35.6988492007864,39.58333333333333,34.36200237670829,,132.0
2016-11-09,6125,129,130,129,120,172000,133.5,132.46837171101618,135.23574285727224,90.57971014492753,141.9498520697105,125.05014793028951,1.2224756168312751,0.7229863437877668,29.835286331130973,30.18867924528302,34.62097388984185,,130.0
2016-11-10,6125,128,120,131,127,85000,132.8,132.01957685446777,134.7121685714019,94.8905109489051,141.13306666239927,124.46693333760074,1.1279962312416103,0.7845127405230825,40.381015783274464,34.48275862068966,34.7515903997687,120.0,
2016-11-11,6125,130,120,131,129,52000,132.1,131.47056288092818,134.14095171412117,94.85294117647058,140.4162491545161,123.78375084548391,1.0754872246504021,0.853304576040636,39.11478322866116,38.095238095238095,34.25555865373696,120.0,
2016-11-14,6125,130,120,134,130,102000,131.4,131.56682417530487,133.92685654266165,94.96402877697841,138.3397406291582,124.4602593708418,0.8683892132763447,0.9043850623589612,44.71552282082618,50.0,40.859332238642615,120.0,
2016-11-15,6125,132,120,132,131,17000,130.8,131.64558341615853,133.7341708883571,95.65217391304348,136.22586398649918,125.37413601350084,0.7014801220915672,0.9316482101531436,44.71552282082618,54.09836065573771,47.3978662503253,120.0,
2016-11-16,6125,130,120,138,130,248000,130.9,132.61911370412972,134.06075379957997,100.73529411764706,136.72752091373243,125.07247908626759,0.3361422719944187,0.8855397293732084,53.061559623702095,68.33333333333333,57.477231329690376,120.0,
2016-11-17,6125,135,121,143,135,158000,132.0,134.14291121246976,134.75467841973398,108.46153846153845,140.34266144584507,123.65733855415495,-0.10612157336348105,0.7860548173773559,58.46385081515707,79.36507936507937,67.26559111805017,121.0,
2016-11-18,6125,141,122,143,139,64000,132.7,135.20783644656618,135.27921057783678,105.26315789473684,142.3353515763562,123.06464842364379,-0.35608105104071797,0.6483710364147063,56.70670250089069,87.87878787878788,78.52573352573356,122.0,
2016-11-21,6125,141,123,142,140,51000,133.6,136.07913891082686,135.7512895201148,106.87022900763358,144.07664068296657,123.1233593170334,-0.5143280497440799,0.48393777843748215,56.706702500890685,88.40579710144928,85.21655478177222,123.0,
2016-11-22,6125,142,124,142,138,90000,134.5,136.61020456340378,136.07616056814152,106.92307692307692,145.13014581273424,123.86985418726576,-0.5594697704126759,0.2859438465214876,54.79665393784564,85.5072463768116,87.26394378568295,124.0,
2016-11-24,6125,140,125,140,138,154000,135.8,136.8628946427849,136.26854451134773,110.4,144.46256313108265,127.13743686891738,-0.5266589422371908,0.10209327169050969,52.8785410509763,82.6086956521739,85.50724637681162,125.0,
2016-11-25,6125,138,126,139,137,33000,136.7,137.25145925318765,136.54169006023898,106.92307692307692,144.6018985060549,128.79810149394507,-0.5343974910957172,-0.07678280783683691,54.59034114501998,81.15942028985508,83.09178743961355,126.0,
2016-11-28,6125,138,127,139,135,89000,137.5,137.2057393889717,136.58752105421902,106.20155038759691,143.51664358259598,131.48335641740402,-0.4308852013662374,-0.2211466316860127,50.6289483868159,78.26086956521739,80.67632850241549,127.0,
2016-11-29,6125,137,128,137,135,35000,138.0,137.16833222734047,136.6287689488003,103.78787878787878,142.81663783151623,133.18336216848377,-0.3475573375073111,-0.3377063494192214,50.6289483868159,76.81159420289855,78.74396135265702,128.0,
2016-11-30,6125,138,129,138,134,91000,138.5,137.13772636782403,136.66589205392287,103.78787878787878,141.36356421265415,135.63643578734585,-0.2804567115871919,-0.4062173475949559,50.6289483868159,70.96774193548387,75.3467352345333,129.0,
2016-12-01,6125,137,130,140,135,151000,138.4,136.93086702821967,136.59930284852643,99.27007299270073,141.52409987036162,135.2759001296384,-0.18025146599245545,-0.41445400233150864,48.43408618398674,64.15094339622641,70.6434265115363,130.0,
2016-12-02,6125,138,131,138,132,162000,137.9,136.76161847763427,136.5393725636704,96.45390070921985,140.79136645895903,135.00863354104098,-0.1068740238670216,-0.38676433264554233,48.43408618398674,53.48837209302325,62.86901914157787,131.0,
2016-12-05,6125,136,131,136,133,59000,137.3,136.2595060271553,136.2854353072905,95.71428571428572,140.65261092284703,133.947389077153,0.03839298384457379,-0.32535088446902527,44.00874555725154,42.5,53.37977182974992,131.0,
2016-12-06,6125,136,131,138,135,80000,137.1,136.57595947676344,136.45689177656925,98.57142857142858,139.991366458959,134.208633541041,-0.04906913351507569,-0.26863970259151415,53.21560107246992,46.15384615384615,47.38073941562317,131.0,
2016-12-07,6125,138,131,145,138,416000,137.6,137.9257850264428,137.2112025989433,103.59712230215827,142.59599839871802,132.60400160128196,-0.3836875165426932,-0.25275398862545884,63.034515503091626,61.53846153846154,50.0641025641026,131.0,
2016-12-08,6125,144,132,145,141,223000,138.0,138.6665513852714,137.69008233906663,102.89855072463767,143.6568542494918,132.3431457505082,-0.5060849599292965,-0.24960815182918988,58.61821667989472,76.92307692307693,61.538461538461576,132.0,
2016-12-09,6125,143,133,144,141,117000,138.4,139.45445113340386,138.22107410517762,102.87769784172663,144.7999999999995,132.0000000000005,-0.6195206151470245,-0.2705676422492773,60.12261016573884,84.61538461538461,74.3589743589744,133.0,
2016-12-12,6125,143,134,143,139,138000,138.7,139.55364183642135,138.39896669466518,102.18978102189782,145.09061812346766,132.3093818765323,-0.5387841166745204,-0.291815062156745,53.80333357343635,74.35897435897436,78.63247863247868,134.0,
2016-12-13,6125,140,135,140,139,38000,139.0,139.63479786616293,138.55907002520297,102.18978102189782,145.32455532033623,132.67544467966377,-0.4675537448877378,-0.31260362141236125,53.80333357343635,69.23076923076923,76.06837606837611,135.0,
2016-12-14,6125,140,136,142,140,39000,139.5,140.06483461776966,138.90316302269102,103.64963503649636,145.90312423743234,133.09687576256766,-0.4972576856816886,-0.3478265347111649,57.27538244411814,66.66666666666666,70.08547008547012,136.0,
2016-12-15,6125,142,136,142,139,99000,139.9,140.0530465054479,139.0128467204243,102.94117647058823,145.8632206063497,133.9367793936503,-0.4097570398904793,-0.3814802031582158,52.98667389432257,66.66666666666666,67.52136752136755,136.0,
2016-12-16,6125,140,136,141,138,114000,140.1,139.67976532263918,138.9115620483799,101.47058823529412,145.64616984954424,134.55383015045575,-0.2456102322813365,-0.4130361160610947,49.03274018619738,61.53846153846154,64.957264957265,136.0,
2016-12-19,6125,138,136,140,137,57000,140.6,139.55617162761388,138.92040584354206,103.73134328358209,144.51918358845225,136.68081641154774,-0.17309207844493812,-0.42681644327552387,51.00153251981939,53.84615384615385,60.68376068376072,136.0,
2016-12-20,6125,140,136,144,140,245000,140.8,139.63686769532046,139.02836525918957,101.44927536231884,144.35527776692533,137.2447222330747,-0.16483080266507955,-0.4024990306224557,52.95846046258041,53.84615384615385,56.410256410256444,136.0,
2016-12-21,6125,142,136,143,140,102000,140.5,139.88470993253492,139.22552873327342,97.91666666666666,143.36356421265413,137.63643578734587,-0.2003206835936453,-0.3685252221407167,54.898317670027474,61.53846153846154,56.410256410256444,136.0,
2016-12-22,6125,142,136,142,140,175000,140.5,140.26930812661948,139.50297585994966,100.0,143.36356421265413,137.63643578734587,-0.26433473580394207,-0.32906012443592975,56.816080839700966,68.42105263157895,61.26855600539815,136.0,
2016-12-26,6125,142,136,145,140,314000,140.7,141.12943392177957,140.05267827396105,101.3986013986014,144.39323706252299,137.006762937477,-0.43799548696770785,-0.3178613878018395,62.03194761744265,80.0,69.98650472334687,136.0,
2016-12-27,6125,144,136,145,142,146000,141.1,141.65135502691055,140.44741044656905,102.85714285714285,145.2424630354408,136.95753696455918,-0.4959198266180067,-0.32101317466075824,59.45414305258245,86.66666666666667,78.36257309941523,136.0,
2016-12-28,6125,144,136,144,142,126000,141.3,141.71474502201772,140.6026694019136,101.42857142857142,145.4036569057359,137.19634309426414,-0.42756338494689317,-0.31326936346800316,54.56984693154444,84.61538461538461,83.76068376068379,136.0,
2016-12-29,6125,142,136,143,140,90000,141.2,141.58479138165086,140.64240246172258,99.29577464788733,145.27921561087345,137.12078438912653,-0.32198168950961303,-0.303516546759018,52.25816180215291,66.66666666666666,79.31623931623933,136.0,
2016-12-30,6125,140,136,141,140,42000,141.2,141.29664749407797,140.57816221554984,100.0,145.27921561087345,137.12078438912653,-0.19445002830565272,-0.2978320796506087,49.97813138173508,50.0,67.0940170940171,136.0,
