value_date,stock_code,open,close,HIGH,LOW,VOLUME,SMA,EMA,SMMA,MOMENTUM,BBAND_UPPER,BBAND_LOWER,MACD,MACD_SIGNAL,RSI,STOCH,STOCHAS_SIGNAL,PSARBULL,PSARBEAR
2016-01-04,8089,173,170,173,170,43000,,170.0,170.0,,,,0.0,,,,,,
2016-01-05,8089,172,170,172,170,35000,,170.0,170.0,,,,0.0,,,,,,
2016-01-06,8089,169,173,169,167,37000,,169.19601328903656,169.2619926199262,,,,0.03907166925378647,,0.0,,,,173.0
2016-01-07,8089,167,167,174,166,62000,,169.46089108910894,169.4765920325676,,,,0.007810017755360832,,51.851851851851855,,,167.0,
2016-01-08,8089,169,166,171,167,63000,,169.04150899001982,169.11601670288877,,,,0.04327657209296376,,33.27239488117003,,,166.0,
2016-01-12,8089,168,174,168,161,68000,,166.9528513369674,167.38389402401828,,,,0.2574617501648504,,14.15495064313491,,,,174.0
2016-01-13,8089,165,168,165,162,47000,,166.0003729546153,166.54358963939447,,,,0.3152058693215736,,27.05163250700987,,,,168.0
2016-01-14,8089,162,165,165,161,78000,,164.8627640092799,165.57023222490838,,,,0.4036474704327304,,23.28447435013426,,,,165.0
2016-01-15,8089,165,161,165,162,37000,,164.23992674118892,164.9874128258266,,,,0.41346592720273634,0.16443769735822242,28.635732185194527,,,161.0,
2016-01-18,8089,153,165,161,153,69000,165.4,163.55936015508368,164.37520941182646,,173.20768851837724,157.59231148162277,0.4415196963948915,0.21349544140209925,26.6349098527985,,,,165.0
2016-01-19,8089,162,161,162,161,40000,164.5,163.03651487237167,163.88333218484013,94.70588235294117,172.04983443527072,156.95016556472928,0.4463068521404807,0.26308509163993044,26.6349098527985,,,,161.0
2016-01-20,8089,160,153,162,156,75000,163.1,161.6306320791232,162.78471782072876,91.76470588235294,171.22157620169875,154.97842379830124,0.6207462523144613,0.32771560086889434,18.95490848734994,,,153.0,
2016-01-21,8089,154,162,157,150,81000,161.3,159.34789663203063,161.07051993605,89.28571428571429,171.8848948979194,150.71510510208063,0.9458119111235703,0.431938033465362,13.809205732194016,,,,162.0
2016-01-22,8089,155,157,159,154,59000,160.2,159.28058790371946,160.8020508199489,93.52941176470588,169.09044430835712,151.30955569164286,0.784026194146378,0.5142435470268525,40.08410235043427,,,,157.0
2016-01-25,8089,160,150,162,159,27000,159.4,159.41817141548782,160.70105071122774,95.23809523809523,166.6221880341071,152.17781196589291,0.612310789510218,0.5536712180652267,42.192752813107916,,,150.0,
2016-01-26,8089,158,150,159,157,41000,159.0,158.9600282935546,160.24676571273497,97.51552795031056,166.26636084983394,151.73363915016606,0.6001078171617564,0.5853269900474692,37.88513376803406,36.11111111111111,,150.0,
2016-01-27,8089,160,150,161,159,31000,158.8,159.34358775187332,160.33716523385414,98.77300613496932,165.71664658631622,151.8833534136838,0.40905605127906597,0.5859279434748399,45.82673152288538,38.88888888888889,,150.0,
2016-01-28,8089,161,150,161,159,21000,158.8,159.65310941222643,160.41515447755984,100.0,165.71664658631622,151.8833534136838,0.2677919479947377,0.5697419457850622,45.82673152288538,42.028985507246375,39.009661835748794,150.0,
2016-01-29,8089,159,150,159,155,98000,158.4,159.34575538083575,160.13591837260202,97.53086419753086,164.9848310532617,151.8151689467383,0.2913337551512143,0.5530546189802092,41.24039632780187,47.61904761904761,42.84564067172763,150.0,
2016-02-01,8089,160,150,162,157,136000,158.5,159.8372269874318,160.34812603273986,100.62111801242236,165.2675697262754,151.7324302737246,0.12714261225457335,0.5175919256595528,48.623438713934654,57.407407407407405,49.018480177900464,150.0,
2016-02-02,8089,162,150,162,159,35000,158.3,159.68271937231393,160.19675001907154,98.75776397515527,164.87571288910942,151.7242871108906,0.14193762404809718,0.46439096696329013,44.14352676677225,60.416666666666664,55.147707231040556,150.0,
2016-02-03,8089,157,150,157,153,46000,158.0,158.45280052594813,159.39846192888706,98.07692307692307,165.21110255092793,150.78889744907207,0.4095172773577076,0.4048026743226387,36.83402653516248,53.333333333333336,57.05246913580246,150.0,
2016-02-04,8089,154,162,154,149,87000,158.0,156.9005637158495,158.36721714932347,100.0,165.21110255092793,150.78889744907207,0.7103497509269516,0.39661640285381355,33.81871336030426,30.23255813953488,47.99418604651163,,162.0
2016-02-05,8089,150,154,150,146,23000,156.9,155.26906699552475,157.240631722034,93.08176100628931,166.21450481775597,147.58549518224405,0.9812251778809582,0.4376068904505625,31.94142519217617,13.636363636363635,32.40075170307728,,154.0
2016-02-08,8089,145,150,151,145,38000,156.0,154.48769569956696,156.56830214477242,94.375,165.6747092979582,146.3252907020418,1.0015056329504262,0.48220664776041466,37.542062432858856,19.565217391304348,21.14471305573429,,150.0
2016-02-09,8089,145,149,145,140,155000,154.5,152.20482969916446,155.01084323472602,90.44585987261146,167.25147050343602,141.74852949656398,1.3874483593622813,0.5909169042141053,29.657249382702503,18.181818181818183,17.127799736495387,,149.0
2016-02-10,8089,143,145,143,135,72000,151.9,149.0627420291643,152.88621217383408,83.85093167701864,168.35478653766125,135.44521346233876,1.9213058142674981,0.7746406671333008,25.220480177444884,12.121212121212121,16.62274923144488,,145.0
2016-02-12,8089,131,143,131,128,89000,148.6,145.21920410968218,150.2601569794317,79.5031055900621,169.1562642520473,128.0437357479527,2.540253867108106,1.0245206795729556,21.721021305538713,2.4096385542168677,10.904222952415722,,143.0
2016-02-15,8089,133,131,135,132,29000,146.2,143.17327396496185,148.55376817261194,84.81012658227847,167.39999999999992,125.00000000000006,2.6107575176270643,1.30047789128101,30.60873836220135,6.315789473684211,6.948880049704399,,131.0
2016-02-16,8089,134,128,135,131,61000,143.1,140.95456133877607,146.72068482920886,80.8641975308642,163.18880285133974,123.01119714866026,2.7149484127729124,1.5863679789171006,28.84524438817627,8.823529411764707,5.849652479888594,128.0,
2016-02-17,8089,132,128,132,130,54000,140.3,139.14103640401603,145.08625968895961,82.38993710691824,158.45599074685805,122.14400925314197,2.702587633609994,1.8411535740562437,28.84524438817627,11.76470588235294,8.96800825593395,128.0,
2016-02-18,8089,135,128,135,132,56000,138.4,138.20477990046004,143.93821344182638,87.58169934640523,154.72666530556666,122.07333469443336,2.4748404599222624,2.037208097277945,33.30192217095504,11.76470588235294,10.784313725490193,128.0,
2016-02-19,8089,135,128,135,134,56000,136.8,137.43925586551356,142.91270051329187,89.33333333333333,151.29965516831328,122.30034483168676,2.2448192025748313,2.1776074333550417,33.30192217095504,14.705882352941178,12.745098039215682,128.0,
2016-02-22,8089,134,128,135,132,92000,135.2,136.44922243944606,141.7902108373901,89.1891891891892,147.81110621634727,122.58889378365272,2.1117181607555153,2.3009643808889404,31.763708678892428,15.686274509803921,14.052287581699341,128.0,
2016-02-23,8089,133,128,134,130,42000,133.1,135.27559115814125,140.58091930611454,86.09271523178808,140.33602100604966,125.86397899395033,2.048433019685433,2.3744071209248463,30.258557184986643,12.371134020618557,14.254430294454545,128.0,
2016-02-24,8089,131,128,133,129,51000,131.8,134.13374243273034,139.3961361062013,90.84507042253522,136.3431266766393,127.25687332336072,1.9886071882037584,2.3818850513622087,29.50570503672546,7.865168539325842,11.974192356582767,128.0,
2016-02-25,8089,130,128,133,130,38000,131.5,133.74555780000475,138.64121606938875,97.77777777777777,135.52492235949856,127.47507764050144,1.7494297737525244,2.294015707656033,34.75067985333821,8.974358974358974,9.736887178101119,128.0,
2016-02-26,8089,133,128,133,131,52000,131.9,133.42802874549852,137.96475031286838,103.125,135.18024389337006,128.61975610662995,1.5337739026082602,2.174350861542832,34.75067985333821,12.5,9.7798425045616,128.0,
2016-02-29,8089,134,128,134,130,92000,131.5,132.80450190701475,137.15497619666985,97.01492537313433,134.63049516849833,128.36950483150167,1.4325727944383857,2.031864681727885,32.86034121088635,15.873015873015872,12.449124949124943,128.0,
2016-03-01,8089,129,128,131,129,68000,131.4,132.29442588745027,136.4287442272749,99.23664122137404,134.64961536185308,128.15038463814693,1.320054248382604,1.878249861147064,32.86034121088635,14.545454545454545,14.306156806156801,128.0,
2016-03-02,8089,132,128,134,131,53000,131.5,132.24087960013696,135.97989890742912,100.76335877862594,134.7557641192186,128.2442358807814,1.1112958532743562,1.726744904852852,36.844674426371384,20.51282051282051,16.977096977096974,128.0,
2016-03-03,8089,132,128,136,132,129000,131.7,132.92450549170752,135.98193337437257,101.49253731343283,135.7049968788991,127.6950031211009,0.7516749642187506,1.5608399894799543,44.002189155285194,44.827586206896555,26.628620421723866,128.0,
2016-03-04,8089,135,128,138,134,113000,132.0,133.66563706092606,136.0848489797181,102.23880597014924,136.97995983919466,127.02004016080534,0.4390398899744241,1.374986848282055,45.66022827766414,82.6086956521739,49.31636745729699,128.0,
2016-03-07,8089,137,128,140,136,120000,132.6,134.45381840006584,136.2782395325233,104.54545454545455,138.74491659829422,126.45508340170576,0.16781253976833455,1.1660290171801553,47.33939662377065,88.88888888888889,72.10839024931978,128.0,
2016-03-08,8089,137,128,138,136,84000,133.3,134.91681594883366,136.3510510757677,105.38461538461539,139.6906181234676,126.90938187653244,0.025104699399548736,0.9478620739796876,45.8147593867417,80.64516129032258,84.04758194379512,128.0,
2016-03-09,8089,136,128,136,134,62000,134.0,135.1137777998908,136.31566802843773,105.4263565891473,139.86515131944543,128.13484868055457,-0.02619207667197543,0.7505707572658543,44.27898935921007,72.72727272727273,80.7537743021614,128.0,
2016-03-10,8089,137,128,139,137,67000,134.7,135.82042029683612,136.58601246628146,105.3030303030303,141.09061812346764,128.30938187653234,-0.1984132252899542,0.5581055208327194,49.72387217463619,75.75757575757575,76.37666992505703,128.0,
2016-03-11,8089,138,128,144,138,138000,135.9,137.30771414775927,137.33215871351757,109.09090909090908,144.07067928632583,127.72932071367417,-0.5394418267444223,0.3389927851457407,57.22597635216476,86.48648648648648,78.32377832377834,128.0,
2016-03-14,8089,144,129,147,143,83000,137.5,138.88821456509808,138.20393499660372,112.3076923076923,146.63236004546445,128.36763995453555,-0.8459506023993981,0.09832557950329601,59.80937095116459,95.45454545454545,85.8995358995359,129.0,
2016-03-15,8089,147,131,148,146,55000,139.1,140.18132323331284,138.98758022830984,112.3076923076923,148.01964124839094,130.18035875160905,-1.0274304036355204,-0.13931067126446806,59.80937095116458,94.23076923076923,92.05726705726705,131.0,
2016-03-16,8089,146,133,148,145,44000,140.4,141.0574777536131,139.5916240007154,109.84848484848484,148.55843122174835,132.24156877825166,-1.0725588090646738,-0.3420033127404041,57.78556271072039,89.28571428571429,92.990342990343,133.0,
2016-03-17,8089,146,135,148,146,35000,141.4,141.9561445733344,140.2351480289714,107.35294117647058,149.60731381147323,133.19268618852678,-1.1162471061717838,-0.5148129789788717,59.26979344739076,87.71929824561403,90.41192725403253,135.0,
2016-03-18,8089,148,136,148,145,76000,142.4,142.87323124852122,140.91418443519981,107.2992700729927,150.6559069762201,134.1440930237799,-1.1576185059046509,-0.6620830951647589,60.75573358939924,89.47368421052632,88.82623224728489,136.0,
2016-03-22,8089,147,137,149,146,80000,143.5,143.98721111966674,141.72550939935286,107.97101449275361,152.04400374531758,134.95599625468242,-1.242286774648477,-0.802904370058984,63.614799419141086,94.64285714285714,90.61194653299918,137.0,
2016-03-23,8089,149,138,150,148,31000,144.7,144.89864195087372,142.45517902850278,108.75912408759123,152.60189850605548,136.7981014939445,-1.2613858101090898,-0.9401481182186634,63.614799419141086,96.36363636363636,93.49339257233997,138.0,
2016-03-24,8089,148,140,148,144,63000,145.5,144.73525035337124,142.6100854029737,105.88235294117648,150.95893762558273,140.04106237441727,-1.0048029013634903,-1.029746971115723,52.52078926359239,86.53846153846155,92.51498501498504,140.0,
2016-03-25,8089,143,141,147,143,48000,146.2,144.96520731249225,142.9499145533257,105.03597122302158,149.52264954516775,142.87735045483223,-0.8924854611423427,-1.0689740416043807,55.83836052006081,78.0,86.967365967366,141.0,
2016-03-28,8089,146,142,150,144,79000,146.8,145.88063223549122,143.65649065915343,104.16666666666667,150.46606055596524,143.13393944403478,-0.9735749814832673,-1.0831545281692552,61.61520496938525,79.16666666666666,81.23504273504277,142.0,
2016-03-29,8089,145,150,146,142,66000,146.8,145.90233562195698,143.89131045278006,100.0,150.46606055596524,143.13393944403478,-0.813929578824002,-1.0594322143013086,54.007030428347434,83.33333333333334,80.1666666666667,,150.0
2016-03-30,8089,143,146,144,142,46000,146.5,145.37463512172818,143.8020189497514,97.94520547945206,150.81277173057,142.18722826943,-0.5423764818691836,-1.000523066835143,49.10922429427989,75.55555555555556,79.35185185185189,,146.0
2016-03-31,8089,143,144,143,140,48000,146.2,144.76106213677411,143.62152514046534,97.93103448275862,151.24380808516773,141.15619191483225,-0.295717948593051,-0.909353160437506,47.56089013493418,53.65853658536586,70.84914182475163,,144.0
2016-04-01,8089,141,143,141,134,110000,145.0,142.80449765456615,142.65797009656467,91.78082191780823,153.8994381845149,136.1005618154851,0.2495444427105724,-0.7530017217024813,37.40154280186172,24.390243902439025,51.20144534778686,,143.0
2016-04-04,8089,133,141,140,133,95000,144.0,141.7491310331693,142.0914309089535,93.19727891156462,153.95991967839103,134.04008032160897,0.47252112859248996,-0.5624675102312627,42.37272698592057,17.77777777777778,31.942186088527595,,141.0
2016-04-05,8089,135,140,136,132,25000,142.3,139.9765570663517,141.08109661527737,88.59060402684564,153.92927340808527,130.67072659191476,0.839674319363013,-0.3290163847343624,37.08650320437894,7.8431372549019605,16.6703863117063,,140.0
2016-04-06,8089,132,136,133,131,32000,140.5,138.34445224983756,140.07191609553564,87.91946308724832,152.96595363379782,128.03404636620218,1.1085263344536713,-0.09420202519912221,36.116051184710734,7.4074074074074066,11.009440813362424,,136.0
2016-04-07,8089,131,133,134,131,20000,139.2,137.0090949311125,139.1638572853227,90.97222222222221,152.610443691392,125.78955630860798,1.2564121406268782,0.1445643749974579,36.116051184710734,0.0,5.083514887436498,,133.0
2016-04-08,8089,129,131,134,129,61000,137.6,135.73471218851932,138.2466832416132,89.04109589041096,151.19999999999976,124.00000000000023,1.364013982717296,0.4042964821308538,35.05229046370745,1.694915254237288,3.0341075538816065,131.0,
2016-04-11,8089,130,134,131,130,43000,135.6,134.6920360093826,137.42137649811085,86.66666666666667,147.02628548566818,124.1737145143318,1.3948837901331501,0.6497201897927596,35.05229046370748,3.278688524590164,1.657867926275859,,134.0
2016-04-12,8089,130,130,138,130,78000,134.4,134.56621115839144,137.07900048659675,91.78082191780823,143.4862533532799,125.3137466467201,1.1882522304512406,0.8420122689394733,42.859836079072885,11.11111111111111,5.361571629979562,130.0,
2016-04-13,8089,135,130,137,131,60000,133.6,134.64508191944114,136.87097009051192,94.4055944055944,140.7105555338517,126.48944446614829,0.9656645554590852,0.9821658805008219,44.65119907727848,19.047619047619047,11.145806227773482,130.0,
2016-04-14,8089,137,130,139,135,62000,133.3,135.436885720806,137.08399320964412,97.88732394366197,139.09999999999906,127.50000000000097,0.6006659628212674,1.0211793827353435,51.23658064039657,33.33333333333333,21.164021164021204,130.0,
2016-04-15,8089,139,130,139,139,17000,133.8,136.08472502473566,137.27569118091836,103.73134328358209,140.54091981854032,127.0590801814597,0.335107648314505,1.0059112182600118,51.23658064039657,44.06779661016949,32.14958299704066,130.0,
2016-04-18,8089,133,130,136,133,167000,133.5,135.70568394643604,136.94797236876872,97.8102189781022,139.903124237432,127.09687576256799,0.3757992911197334,0.954369548455203,43.699123841440205,47.16981132075472,41.52364708808589,130.0,
2016-04-19,8089,137,130,139,135,58000,134.1,136.1228324681238,137.05321839835744,104.54545454545455,140.93812839891078,127.26187160108921,0.2071686878031187,0.8542186988273639,50.032133809155525,52.17391304347826,47.803840324800866,130.0,
2016-04-20,8089,139,130,139,136,42000,134.7,136.28231752031294,137.04789458877346,104.58015267175573,141.39626761711258,128.0037323828874,0.13279751447507238,0.729372629254941,48.56147614714825,53.65853658536586,51.00075364986632,130.0,
2016-04-21,8089,138,130,142,138,96000,135.8,137.3218964004086,137.5432700848025,108.3969465648855,143.27261667690726,128.32738332309276,-0.15239907545645792,0.5608822894578572,55.59047371185883,76.92307692307693,60.91850885064039,130.0,
2016-04-22,8089,142,130,143,141,87000,137.0,138.1724608568752,137.98907668040084,109.23076923076923,144.2111025509276,129.7888974490724,-0.3407662380023737,0.3680322863316879,55.59047371185883,87.17948717948718,72.58703356264338,130.0,
2016-04-25,8089,144,131,144,141,28000,138.2,138.86837717559357,138.39027722481575,109.23076923076923,144.2530983801683,132.14690161983168,-0.45779135458374753,0.18513855466113366,55.59047371185883,92.85714285714286,85.65323565323571,131.0,
2016-04-26,8089,142,132,142,139,22000,138.8,139.07412680685212,138.55128858775316,104.4776119402985,144.22586398649997,133.37413601350005,-0.4306154481380702,0.029996332039227507,52.03793367936633,84.0909090909091,88.04251304251311,132.0,
2016-04-27,8089,141,133,141,138,41000,139.2,139.0606492041688,138.59616953432024,102.96296296296296,143.99999999999977,134.4000000000002,-0.35281616831804286,-0.07594612697625142,50.306840921317296,75.55555555555556,84.16786916786923,133.0,
2016-04-28,8089,141,134,141,136,73000,139.1,138.86780387749147,138.53654085627713,99.28057553956835,143.9538644398044,134.2461355601956,-0.2431425176009725,-0.14019614541130446,48.56693534794659,65.9090909090909,75.18518518518523,134.0,
2016-05-02,8089,133,144,134,131,117000,138.4,137.61911217424813,137.8827710767083,94.96402877697841,144.86219776856115,131.93780223143887,0.11550148235201618,-0.16911812416327304,39.69580133006277,46.51162790697674,62.658758123874435,,144.0
2016-05-06,8089,133,134,133,129,93000,138.0,136.2338189707336,137.09436840179052,97.01492537313433,145.84856674813918,130.15143325186082,0.44702948815822197,-0.14246692412381712,37.25313210005539,25.581395348837212,46.000704721634996,,134.0
2016-05-09,8089,131,133,131,129,67000,137.3,135.28221547602712,136.48484419172866,94.92753623188406,146.20168523370688,128.39831476629314,0.6115400603428327,-0.08927330791628821,39.2655128066307,11.363636363636363,27.818886539816816,,133.0
2016-05-10,8089,132,129,134,131,62000,136.9,134.8672671914319,136.1363148098231,97.08029197080292,146.1714615891991,127.6285384108009,0.6117770164826482,-0.00436485325638753,43.18978568905794,15.555555555555555,17.500195756009756,129.0,
2016-05-11,8089,134,129,135,132,59000,136.0,134.52776405485454,135.8226469100193,93.66197183098592,144.85437744847107,127.14562255152893,0.5931135322506691,0.09939956566061722,43.18978568905794,22.22222222222222,16.380471380471423,129.0,
2016-05-12,8089,132,129,135,131,59000,135.1,134.24998876488215,135.54035272049512,93.66197183098592,143.1224684480521,127.07753155194789,0.5622301583565559,0.21273528932065094,43.18978568905794,26.666666666666668,21.481481481481524,129.0,
2016-05-13,8089,134,129,134,130,48000,133.9,133.4772635183531,134.98626533868347,91.54929577464789,140.96823881882818,126.83176118117183,0.6624864619737139,0.3341910571108492,38.52614871969222,20.0,22.962962962963005,129.0,
2016-05-16,8089,132,129,145,132,185000,134.2,135.20867018172106,135.7877066400073,102.14285714285714,142.43650411278898,125.963495887211,0.10996878485553907,0.3856116074634694,59.12390351692938,41.30434782608695,29.32367149758458,129.0,
2016-05-17,8089,144,129,147,141,133000,135.0,137.35254836123767,136.9090213947909,105.75539568345324,146.02723900167177,123.97276099832823,-0.4520420805655192,0.3624005449118531,63.20874651264042,67.3469387755102,42.88376220053242,129.0,
2016-05-18,8089,145,130,148,144,207000,135.9,139.10663049795335,137.91818844341435,106.5217391304348,149.02859474582075,122.77140525417924,-0.8185712615139948,0.2586146844822963,63.20874651264042,94.33962264150944,67.6636364143689,130.0,
2016-05-19,8089,148,131,151,147,186000,137.7,141.08724315369915,139.12644415286263,113.63636363636364,152.9590956481698,122.44090435183018,-1.179957987385194,0.07783829831080563,66.1510145843992,96.61016949152543,86.09891030284838,131.0,
2016-05-20,8089,149,133,151,148,50000,139.8,142.88956259445285,140.31386567899645,116.15384615384616,155.99382598399765,123.60617401600237,-1.434436451601698,-0.14949242523858666,67.09562922690913,96.82539682539682,95.92506298614393,133.0,
2016-05-23,8089,154,135,156,152,125000,142.2,145.09146031869986,141.7825525160033,118.3206106870229,159.53897344135459,124.86102655864538,-1.7471776066578855,-0.4115984944764237,70.62670007976169,97.1830985915493,96.87288830282388,135.0,
2016-05-24,8089,155,137,157,154,50000,144.5,147.07483118027181,143.20436122014843,117.29323308270676,162.43878479719302,126.56121520280698,-1.95127385227201,-0.6943082038678325,71.45152255269127,97.40259740259741,97.13703093984788,137.0,
2016-05-25,8089,156,140,158,156,100000,147.0,149.06122551967525,144.68398499887644,118.796992481203,164.79887636902976,129.20112363097024,-2.1216997941349973,-0.9925226430335606,73.07970206797701,97.61904761904762,97.40158120439816,140.0,
2016-05-26,8089,158,143,167,158,209000,149.7,151.05009361400607,146.21564230551922,120.30075187969925,166.3385095486347,133.06149045136527,-2.264089657554706,-1.3176977674256074,74.63744915958154,91.57894736842105,95.53353079668874,143.0,
2016-05-27,8089,161,147,163,161,52000,152.8,152.85916750757744,147.69412655720183,123.84615384615385,164.38619868636877,141.21380131363125,-2.336966193538302,-1.5895794316915897,75.40382079658143,87.5,92.23266499582293,147.0,
2016-05-30,8089,159,151,164,159,58000,154.8,154.70295523781598,149.22475907452704,113.98601398601397,165.81998185116544,143.78001814883459,-2.4066990339111953,-1.806763537618887,76.90677503695255,84.82142857142857,87.9667919799499,151.0,
2016-05-31,8089,165,154,165,162,59000,156.5,156.39332701601666,150.70232241322356,111.56462585034012,167.427030703719,145.572969296281,-2.4260043722402713,-1.9853672165884733,77.64240249383846,88.28828828828829,86.86990561990565,154.0,
2016-06-01,8089,162,156,165,161,75000,158.0,157.4127221056212,151.8321171799377,110.20408163265304,167.29516003089887,148.70483996910113,-2.2721186427073405,-2.1067184005131563,72.65737318534445,89.1891891891892,87.4329686829687,156.0,
2016-06-02,8089,162,167,162,157,88000,159.0,157.88313626884252,152.6489230353039,106.66666666666667,166.64198926981854,151.35801073018146,-2.005730822542006,-2.170195552839857,67.95846463944649,86.23853211009175,87.90533652918977,,167.0
2016-06-03,8089,160,162,161,159,64000,159.9,158.26802058400474,153.38404496613043,105.96026490066225,165.37357287336368,154.42642712663633,-1.7636919672072224,-2.1720304817897835,67.9584646394465,80.61224489795919,85.34665539908008,,162.0
2016-06-06,8089,155,161,158,152,97000,160.2,158.21928956868905,153.84564851385184,101.93548387096773,164.8303347611186,155.56966523888138,-1.4532751532944417,-2.1166972930144983,63.2169184178788,72.61904761904762,79.82327487569954,,161.0
2016-06-07,8089,157,158,160,156,58000,160.2,157.81578237409678,154.06108704145635,100.0,164.8303347611186,155.56966523888138,-1.106123005353453,-2.0038554275943263,58.79887357431125,60.86956521739131,71.36695257813273,,158.0
2016-06-08,8089,157,157,157,153,41000,160.0,157.4856401240701,154.25498107428328,98.73417721518987,165.1380930314683,154.8619069685317,-0.8370931508237618,-1.8453002601797772,58.79887357431125,50.0,61.16287094547966,,157.0
2016-06-09,8089,158,152,158,153,30000,159.5,157.03370555584354,154.3294839133565,96.875,165.4497899122593,153.5502100877407,-0.5830700778031428,-1.6504229139869817,56.50878571680723,37.03703703703704,49.302200751476136,152.0,
2016-06-10,8089,159,152,159,154,139000,159.0,156.84575909107195,154.49653743207926,96.8944099378882,165.19677335393362,152.80322664606638,-0.4393292233257,-1.431826268366371,58.25953943716764,30.612244897959183,39.21642731166543,152.0,
2016-06-13,8089,152,159,153,147,90000,157.4,155.0556210739465,153.7468759745325,90.1840490797546,166.30842298052917,148.49157701947084,0.08687469885379073,-1.152617482689253,41.90829774363168,14.000000000000002,27.216427311665427,,159.0
2016-06-14,8089,147,153,147,137,149000,155.0,152.31823542342877,152.3721756454473,85.36585365853658,167.6491106406742,142.3508893593258,0.763478122639242,-0.8153289532062994,33.931524041672006,10.76923076923077,18.460491889063338,,153.0
2016-06-15,8089,139,147,144,139,54000,152.9,150.26037443691456,151.23494860183266,87.03703703703704,167.08308852119364,138.71691147880637,1.1518411168051443,-0.46448762661217163,35.81115864052059,8.974358974358974,11.24786324786327,,147.0
2016-06-16,8089,140,144,140,137,105000,150.7,148.03121544799797,149.91144381308231,86.25,166.52529620575908,134.8747037942409,1.5177532609937714,-0.09988260125650565,32.79666251026836,9.30232558139535,9.681971774995054,,144.0
2016-06-17,8089,142,140,143,140,83000,149.0,147.1164490027776,149.2202947654459,89.375,164.09966887054185,133.90033112945815,1.487978310519793,0.2269233391672982,41.61754690443894,13.095238095238097,10.457307550330828,,140.0
2016-06-20,8089,143,137,146,142,59000,147.7,146.731640093137,148.79826272446746,91.77215189873418,161.6728307797672,133.72716922023278,1.3297313212356414,0.4975738198994198,44.741912269385196,17.857142857142858,13.418235511258791,137.0,
2016-06-21,8089,145,137,145,140,142000,146.5,146.234978257974,148.31843382795333,92.3076923076923,159.43831519170902,133.56168480829098,1.2278493181175065,0.7270118720040052,43.48873940442074,25.925925925925924,18.959435626102316,137.0,
2016-06-22,8089,145,137,145,141,69000,145.3,145.8286185746744,147.88658831966586,92.3076923076923,156.61547612785284,133.98452387214718,1.1211030602724463,0.9163644429012928,43.48873940442074,28.57142857142857,24.11816578483247,137.0,
2016-06-23,8089,145,137,149,144,81000,144.4,145.8597788338265,147.6979286519949,94.19354838709677,153.7466571564387,135.05334284356132,0.9220408850229092,1.0676277882733605,46.936161535009056,31.944444444444443,28.813932980599663,137.0,
2016-06-24,8089,147,149,147,135,108000,142.3,143.88527359120985,146.4281307244622,86.53846153846155,149.45821206726964,135.14178793273038,1.2666129191568984,1.1987098127514837,34.47810640237279,22.22222222222222,27.5793650793651,,149.0
2016-06-27,8089,136,147,139,136,52000,141.4,142.81522384730798,145.58531462794872,93.87755102040816,148.2234888436931,134.5765111563069,1.3224274385351578,1.2608152922954743,39.21660630226154,16.666666666666664,23.61111111111113,,147.0
2016-06-28,8089,137,139,139,133,60000,141.2,141.93972860231239,144.82678071566124,98.57142857142858,148.288018058668,134.11198194133198,1.3195194998984903,1.2794462237502904,39.21660630226154,10.666666666666668,16.518518518518537,,139.0
2016-06-29,8089,139,133,140,138,49000,141.0,141.4052324927858,144.24410095064044,98.58156028368793,148.21110255092825,133.78889744907175,1.2307966033777973,1.2475621506818488,40.869756136039506,18.421052631578945,15.251461988304113,133.0,
2016-06-30,8089,141,133,141,137,70000,141.0,140.78609931226487,143.61968922230935,100.0,148.21110255092825,133.78889744907175,1.179021208571129,1.213233583798664,39.70676484965572,22.22222222222222,17.103313840155966,133.0,
2016-07-01,8089,139,133,139,136,45000,140.4,140.09771761911264,142.9577187417202,95.8041958041958,147.84043009509554,132.95956990490447,1.153849519408567,1.1936911613734336,38.52613294062228,24.193548387096776,21.612274413632665,133.0,
2016-07-04,8089,135,133,136,134,167000,139.4,139.1708598701686,142.16194518153614,93.10344827586206,146.78647412504793,132.01352587495208,1.1936148520615006,1.1898873318116552,36.20734329889206,21.153846153846153,22.523205587721733,133.0,
2016-07-05,8089,138,133,138,135,171000,138.7,138.77615807558746,141.64574967908158,95.13888888888889,145.51469001496048,131.8853099850395,1.091498620593967,1.1865979496251573,40.09051171140959,20.833333333333336,22.060242624758768,133.0,
2016-07-06,8089,137,133,137,135,79000,137.9,138.271402061839,141.0811737422743,94.44444444444444,143.86322060635038,131.93677939364963,1.0349430601193035,1.199142635746979,38.8181656952067,18.75,20.245726495726508,133.0,
2016-07-07,8089,136,133,136,134,52000,136.8,137.67660168695411,140.4730554287848,92.46575342465754,139.60000000000016,133.99999999999986,1.01096874034846,1.1707377269904857,37.53527995583264,18.75,19.44444444444446,133.0,
2016-07-08,8089,134,141,134,131,106000,136.4,136.46267410749942,139.52574856906972,97.03703703703704,140.80000000000007,131.99999999999994,1.1482486238985814,1.1513845253641994,32.85757193370864,10.0,15.833333333333345,,141.0
2016-07-11,8089,132,134,135,132,37000,136.1,136.19673336067984,139.07317314595647,97.82608695652173,140.43128156554158,131.7687184344584,1.0212304338844262,1.1182412958070813,40.80236340034508,11.538461538461538,13.429487179487191,,134.0
2016-07-12,8089,136,131,140,134,104000,136.1,136.52460002237595,138.96585571052478,100.0,140.43128156554158,131.7687184344584,0.7653648767077925,1.0665266595104141,45.96646510387011,20.37037037037037,13.969610636277315,131.0,
2016-07-13,8089,141,131,142,138,73000,136.1,136.97467274558207,138.96927014293237,100.0,140.43128156554158,131.7687184344584,0.52246004184002,0.9935754187625131,47.60715252882914,36.53846153846153,22.81576448243116,131.0,
2016-07-14,8089,141,131,141,139,46000,136.2,137.3429140645683,138.97234313144182,100.72463768115942,140.74312667664026,131.65687332335972,0.34195646001893465,0.9033650788303318,47.60715252882915,51.11111111111111,36.006647673314355,131.0,
2016-07-15,8089,141,131,141,139,24000,136.4,137.64420241646576,138.9751088205678,101.45985401459853,141.2332183894379,131.56678161056212,0.2092476827799601,0.7939909489101606,47.607152528829154,63.1578947368421,50.26915579547159,131.0,
2016-07-19,8089,140,131,140,136,99000,136.8,137.89071106801796,138.97759794034985,102.96296296296296,141.76386945839644,131.83613054160358,0.11297565871325332,0.685266175367859,47.607152528829154,72.72727272727273,62.33209285840866,131.0,
2016-07-20,8089,138,131,140,136,71000,137.1,138.27421814656083,139.0798382142917,102.18978102189782,142.42541078227785,131.77458921772214,-0.0018231162858910466,0.5700699335450596,49.66298927340439,75.75757575757575,70.54758107389686,131.0,
2016-07-21,8089,144,131,144,140,100000,137.8,139.1334512108237,139.47185462743957,105.14705882352942,144.11189353522394,131.48810646477608,-0.21793849880259586,0.43352468475049794,55.32634736575721,82.85714285714286,77.11399711399712,131.0,
2016-07-22,8089,144,131,145,142,113000,138.6,139.83646008158385,139.82466935470302,105.92592592592594,145.30522184569625,131.89477815430374,-0.35752618855127594,0.2662163722560693,55.326347365757215,86.8421052631579,81.8189412926255,131.0,
2016-07-25,8089,143,132,144,143,17000,139.9,140.59346733947842,140.24220262160796,109.92366412213741,145.07300686255135,134.72699313744866,-0.4871693573397238,0.098616395453386,57.18841733778218,90.2439024390244,86.64771685310838,132.0,
2016-07-26,8089,144,133,145,142,54000,140.7,141.03101873230085,140.51798247974875,105.92592592592594,144.99418211071722,136.40581788928276,-0.5137841375426717,-0.043511272796665584,54.73162981413797,88.09523809523809,88.39374859914012,133.0,
2016-07-27,8089,143,133,147,143,57000,141.6,142.1162880537014,141.16618448625857,106.5217391304348,146.90659966456903,136.29340033543096,-0.7006069383310489,-0.17940760392678434,61.80066299417985,93.18181818181817,90.50698623869356,133.0,
2016-07-28,8089,145,134,146,142,71000,142.3,142.82241749848333,141.6495662084312,105.03597122302158,147.88927544499327,136.71072455500675,-0.7593606207769596,-0.3017761684596615,59.307231146684735,93.47826086956522,91.58510571554048,134.0,
2016-07-29,8089,146,135,147,142,94000,143.0,143.4001597714866,142.08460972593485,105.03597122302158,148.51361950083654,137.48638049916346,-0.7757674021043499,-0.41122228900236263,59.307231146684735,95.74468085106383,94.1349199674824,135.0,
2016-08-01,8089,143,136,147,143,51000,143.5,143.50922163121635,142.27614880816103,103.59712230215827,148.3373546489797,138.6626453510203,-0.6706960724918929,-0.4982969258029344,54.231962333919455,88.63636363636364,92.61976845233089,136.0,
2016-08-02,8089,144,137,144,143,25000,144.0,143.5984540619043,142.44853397174882,103.59712230215827,147.7947331922028,140.2052668077972,-0.5789340625242971,-0.5624203642738684,54.231962333919455,82.05128205128204,88.81077551290316,137.0,
2016-08-03,8089,144,138,144,141,31000,144.3,143.48964423246713,142.5036805873584,102.14285714285714,147.13548937575266,141.46451062424737,-0.4528510384736535,-0.5885217575706526,51.66799560122814,71.42857142857143,80.70540570540571,138.0,
2016-08-04,8089,146,138,146,143,44000,144.3,143.4006180083822,142.55331253897796,100.0,147.13548937575266,141.46451062424737,-0.3535686517785166,-0.5880820312625682,51.66799560122814,66.66666666666666,73.38217338217339,138.0,
2016-08-05,8089,145,138,145,142,20000,144.2,143.1459601886763,142.49798127469006,99.3006993006993,147.2724582991484,141.12754170085157,-0.22932923150264628,-0.5594331283917818,48.98224829469346,60.60606060606061,66.23376623376625,138.0,
2016-08-08,8089,141,147,141,135,98000,143.4,141.8466946998259,141.84818303740397,94.44444444444444,149.21033561853406,137.58966438146595,0.138750660098367,-0.486929261987222,36.66675217095053,41.17647058823529,56.14973262032087,,147.0
2016-08-09,8089,138,141,138,131,91000,142.5,140.42002293622105,141.0633646142914,93.7062937062937,150.6117199162696,134.3882800837304,0.4759508740990839,-0.35620061616165166,33.63131996328836,25.64102564102564,42.4745189451072,,141.0
2016-08-10,8089,134,138,135,133,57000,141.1,139.070927856908,140.25702804248166,90.47619047619048,150.3714615891996,131.82853841080038,0.7357186843729551,-0.1900806933672167,32.196139281447,13.636363636363635,26.817953288541535,,138.0
2016-08-12,8089,133,135,134,132,94000,139.8,137.96712279201557,139.5313251488252,91.0958904109589,149.5897906004165,130.01020939958352,0.8889240118097632,-0.005114980710093025,32.196139281447,14.583333333333334,17.953574203574217,,135.0
2016-08-15,8089,133,134,133,131,44000,138.4,136.8821913752854,138.77819255043374,90.41095890410958,148.24682690007305,128.55317309992697,1.0114345715568902,0.1817884241842162,30.677841914085803,10.416666666666668,12.878787878787895,,134.0
2016-08-16,8089,133,133,133,130,135000,137.0,135.63088385250617,137.90037320778936,90.27777777777779,147.2371871136558,126.7628128863442,1.1555514251823524,0.3745090339293995,27.849185382349788,6.122448979591836,10.374149659863962,,133.0
2016-08-17,8089,130,132,131,128,131000,135.5,134.4252686065959,137.01033580707215,89.58333333333334,145.58959860450352,125.41040139549648,1.263705866861386,0.5652375789666261,26.53190410800032,3.8461538461538463,6.795089830804133,,132.0
2016-08-18,8089,130,131,131,129,80000,134.1,133.43885613266932,136.20930216161494,90.20979020979021,143.4999999999999,124.7000000000001,1.2980348468644252,0.7487490788158419,26.53190410800032,3.6363636363636362,4.534988820703123,,131.0
2016-08-19,8089,132,128,132,130,56000,132.9,132.99542774491124,135.6883719075559,91.6083916083916,140.29999999999978,125.50000000000021,1.1890256995802986,0.9063440711583913,33.79551838887214,8.771929824561402,5.418149102359645,128.0,
2016-08-22,8089,134,128,135,133,43000,132.0,132.9962590640183,135.41953469919827,93.66197183098592,136.289522117905,127.710477882095,0.9863417937407917,1.0005208637853273,40.166191484168515,16.071428571428573,9.493240677451219,128.0,
2016-08-23,8089,135,128,135,132,44000,131.6,132.8151210523786,135.07758120912806,97.05882352941177,134.9704599092699,128.2295400907301,0.8649452484415292,1.0437424609344879,38.18751835942501,21.818181818181817,15.553846738057281,128.0,
2016-08-24,8089,133,128,135,131,56000,131.5,132.84873540649158,134.8698230771969,99.25373134328358,134.630495168499,128.369504831501,0.7100015793643308,1.0408850048224185,41.30156155124045,25.925925925925924,21.271845438512123,128.0,
2016-08-25,8089,133,128,134,133,16000,131.6,133.05805624167493,134.78284076532546,100.75187969924812,134.9704599092699,128.2295400907301,0.5371165855474089,1.0017952907932681,44.32230856737668,28.30188679245283,25.348664845520208,128.0,
2016-08-26,8089,133,128,133,131,39000,131.4,132.68386419773404,134.40455667254258,98.49624060150376,134.6496153618537,128.1503846381463,0.5420216178689259,0.9496382959390499,38.003722773298875,29.166666666666668,27.798159795015163,128.0,
2016-08-29,8089,134,128,134,132,51000,131.6,132.92316161632783,134.36410100372422,101.51515151515152,135.1999999999994,128.0000000000006,0.39020282073761337,0.8645995621118566,46.254984939325304,37.5,31.65618448637319,128.0,
2016-08-30,8089,134,128,135,133,35000,132.0,133.11895041335913,134.32769090208487,103.07692307692307,135.68781778291662,128.31218221708338,0.2754269328106318,0.7547907916617729,46.254984939325304,50.0,38.88888888888891,128.0,
2016-08-31,8089,136,128,136,135,53000,132.6,133.46095942911202,134.39492181398182,104.65116279069768,136.08711915483204,129.11288084516795,0.14310396458913033,0.626465138075629,48.88495977698636,76.0,54.50000000000003,128.0,
2016-09-01,8089,136,128,137,135,55000,133.4,134.10442135109164,134.65542963992598,106.20155038759691,136.88711915483216,129.91288084516785,-0.04317939742477961,0.4895534606306203,53.7586567681206,91.66666666666666,72.55555555555559,128.0,
2016-09-02,8089,136,128,138,136,54000,134.0,134.6308901963477,134.88988668188068,104.58015267175573,137.68781778291688,130.31218221708312,-0.16795030717503323,0.3612987827510842,53.7586567681206,92.5925925925926,86.75308641975312,128.0,
2016-09-05,8089,135,129,138,135,44000,134.5,135.2434556151936,135.2008980207929,103.7593984962406,138.81277173056938,130.18722826943062,-0.29339675970817325,0.232594115178895,56.18140157307847,96.55172413793103,93.6036611323968,129.0,
2016-09-06,8089,139,129,139,138,34000,135.1,135.74464550334022,135.48080822446482,104.54545454545455,139.52266887749906,130.67733112250093,-0.3692867657396448,0.11267318794511993,56.18140157307847,93.33333333333333,94.15921668795234,129.0,
2016-09-07,8089,138,130,140,137,81000,135.7,136.33652813909654,135.832727408526,104.51127819548873,140.43708771293075,130.96291228706923,-0.45544963856889353,0.0023880519321974386,58.69147422918103,93.33333333333333,94.40613026819925,130.0,
2016-09-08,8089,139,131,140,139,38000,136.2,136.8207957501699,136.14945467294464,103.73134328358209,141.16386945839633,131.23613054160364,-0.49976144052811833,-0.11336562122302969,58.69147422918103,89.65517241379311,92.10727969348659,131.0,
2016-09-09,8089,139,132,139,138,55000,136.9,137.03519652286627,136.33450920842202,105.34351145038168,140.52767142944353,133.27232857055648,-0.46822600060744435,-0.20874660137248055,55.035208171582426,85.71428571428571,89.56759715380406,132.0,
2016-09-12,8089,136,133,138,135,35000,137.3,137.21061533689058,136.501058289825,102.98507462686568,140.4048349392522,134.19516506074783,-0.4324719797193666,-0.28740203609803594,55.03520817158242,81.48148148148148,85.61697986985344,133.0,
2016-09-13,8089,137,133,137,136,34000,137.5,136.99050345745593,136.45095246023462,101.49253731343283,139.90831891575874,135.09168108424126,-0.3026547354346292,-0.3369307805451203,48.08676239889217,70.37037037037037,79.18871252204586,133.0,
2016-09-14,8089,136,133,137,134,38000,137.6,136.81041191973668,136.40585721371875,100.74074074074073,139.6396078054375,135.5603921945625,-0.205465993597727,-0.3549626245643367,48.08676239889216,62.96296296296296,71.60493827160495,133.0,
2016-09-15,8089,135,133,136,134,38000,137.3,136.29942793433003,136.16527148998253,97.8102189781022,140.2732137494639,134.32678625053612,-0.041046968551341934,-0.34086225360614875,41.94495542843278,46.15384615384615,59.82905982905984,133.0,
2016-09-16,8089,136,133,140,134,89000,137.6,136.9722592189973,136.548744344376,102.18978102189782,140.97045990927077,134.22954009072922,-0.20540802948744386,-0.3310857280260677,58.903301606610185,58.333333333333336,55.816714150047495,133.0,
2016-09-20,8089,139,133,142,137,93000,137.6,137.1591211791796,136.69386991109363,100.0,140.97045990927077,134.22954009072922,-0.218039885213841,-0.3142805190787562,53.31294355990342,56.52173913043478,53.66963953920477,133.0,
2016-09-21,8089,140,134,142,139,84000,138.0,138.0392809647833,137.22448292378567,102.89855072463767,142.28952211790568,133.71047788209432,-0.40449714492970656,-0.3086191308966243,61.23676497987977,82.6086956521739,65.82125603864735,134.0,
2016-09-23,8089,143,135,145,141,96000,138.6,139.3048662439136,138.00203463642057,104.31654676258992,144.61331855134938,132.5866814486506,-0.6567298393548526,-0.32606006409959476,65.90993859916118,85.18518518518519,74.77187332259795,135.0,
2016-09-26,8089,143,136,145,141,50000,139.0,139.97670874502023,138.50183117567883,102.87769784172663,145.57267069006224,132.42732930993776,-0.7149572066779228,-0.35347464255187017,60.65962719066365,93.33333333333333,87.04240472356416,136.0,
2016-09-27,8089,144,137,147,143,120000,139.9,141.2536707913802,139.3516480625493,106.5217391304348,147.9721744282445,131.8278255717555,-0.9169893566603378,-0.4073099066564225,66.42089373241981,94.28571428571428,90.93474426807761,137.0,
2016-09-28,8089,146,139,146,143,87000,140.5,141.7530033747656,139.81648325847928,104.34782608695652,148.80662386291837,132.19337613708163,-0.8870729856743083,-0.47224526779416465,59.395379684016355,86.48648648648648,91.36851136851135,139.0,
2016-09-29,8089,146,140,146,143,137000,141.4,142.3433663975355,140.3348349348242,106.61764705882352,149.50925397308566,133.29074602691435,-0.8856811965245583,-0.5478247347860348,60.88072561473974,87.17948717948718,89.3172293172293,140.0,
2016-09-30,8089,143,141,144,141,76000,141.9,142.09911796161995,140.401351441595,103.6764705882353,149.1910904534237,134.6089095465763,-0.6728719485917054,-0.6180275103460752,52.593174549078164,71.7948717948718,81.8202818202818,141.0,
2016-10-03,8089,141,147,143,141,64000,142.6,141.8992783322345,140.46121629764065,105.22388059701493,147.75363949069072,137.44636050930927,-0.508112705418938,-0.6516613632273524,52.593174549078164,64.1025641025641,74.35897435897434,,147.0
2016-10-04,8089,141,143,142,139,160000,142.5,141.37213681728278,140.31509466742594,99.28571428571429,147.88516480713514,137.11483519286486,-0.2886414421814152,-0.6595059806681939,48.74531961269787,48.717948717948715,61.53846153846151,,143.0
2016-10-05,8089,140,142,140,138,92000,142.7,141.12265739595864,140.2835852005959,101.44927536231884,147.52078831727832,137.87921168272166,-0.17734885038427706,-0.6342672812742572,50.68797957524957,46.15384615384615,52.99145299145297,,142.0
2016-10-06,8089,140,140,141,139,54000,142.5,140.9185378694207,140.25522668046548,98.59154929577466,147.57937003968078,137.42062996031922,-0.09655543900205998,-0.5720256812350581,50.68797957524957,43.58974358974359,46.15384615384613,,140.0
2016-10-07,8089,140,138,141,140,43000,142.0,140.75153098407148,140.22970401236154,96.55172413793103,146.97995983919614,137.02004016080386,-0.03889357778942326,-0.496907500247447,50.68797957524957,46.15384615384615,45.29914529914529,138.0,
2016-10-11,8089,141,138,141,139,116000,141.7,140.61488898696757,140.2067336110789,97.9020979020979,146.76359556046944,136.63640443953054,0.0013357921941690165,-0.39487137259694627,50.68797957524957,41.66666666666667,43.80341880341879,138.0,
2016-10-12,8089,140,138,140,139,69000,141.0,140.50309098933712,140.18606024993335,95.23809523809523,144.68781778291785,137.31218221708215,0.028526879807856176,-0.29313805421003913,50.68797957524957,34.375,40.731837606837594,138.0,
2016-10-13,8089,140,138,140,139,47000,140.5,140.22980171854857,140.06745422474563,96.52777777777779,143.75576411922066,137.24423588077934,0.09220925050610163,-0.18448356009552136,48.049950249262864,21.428571428571427,32.490079365079346,138.0,
2016-10-14,8089,138,138,139,138,36000,139.9,140.0062014060852,139.96070880211363,95.86206896551724,141.3000000000014,138.4999999999986,0.13248010911701158,-0.09499999812788612,48.04995024926288,14.814814814814813,23.53946208112873,138.0,
2016-10-17,8089,140,138,141,138,61000,139.6,139.64143751406974,139.76463792164196,97.87234042553192,141.20000000000113,137.99999999999886,0.20181791774237468,-0.016118817776629157,45.314782867487736,7.4074074074074066,14.55026455026453,138.0,
2016-10-18,8089,139,138,141,138,100000,139.5,139.70663069332977,139.78817412950588,99.29078014184397,140.8416407865012,138.1583592134988,0.15023680611207624,0.032645432033758776,51.28718292534748,11.538461538461538,11.253561253561235,138.0,
2016-10-19,8089,140,138,141,139,83000,139.5,139.57815238545163,139.70935671647052,100.0,140.8416407865012,138.1583592134988,0.15685153651273254,0.06977880835564873,48.4386225891788,12.0,10.315289648622963,138.0,
2016-10-20,8089,140,138,141,139,94000,139.5,139.65485195173315,139.7384210448516,100.0,140.8416407865012,138.1583592134988,0.11034915289127412,0.09276820745490807,51.3486441650958,22.727272727272727,15.421911421911403,138.0,
2016-10-21,8089,140,138,141,140,24000,139.6,139.8994243241453,139.86457894047632,100.71428571428571,141.20000000000113,137.99999999999886,0.029321411581605616,0.10034765071835573,54.13621719430182,31.57894736842105,22.102073365231245,138.0,
2016-10-24,8089,141,138,141,139,111000,139.6,139.91771081066432,139.8781210464393,100.0,141.20000000000113,137.99999999999886,0.019723512492561213,0.10239073075151042,50.98991606275231,46.666666666666664,33.6576289207868,138.0,
2016-10-25,8089,141,138,142,139,442000,139.6,139.9326724814526,139.89030894180397,100.0,141.20000000000113,137.99999999999886,0.01261959580173766,0.10062325475083059,50.98991606275231,53.84615384615385,44.03058929374717,138.0,
2016-10-26,8089,141,138,141,139,227000,139.7,140.1267320302794,140.00127804769403,100.71428571428571,141.50000000000102,137.89999999999895,-0.038731350752101434,0.08607429905547469,54.08475901327981,58.333333333333336,52.948717948717935,138.0,
2016-10-27,8089,141,138,141,139,104000,139.7,139.9218716611377,139.9011502428674,100.0,141.50000000000102,137.89999999999895,0.020007434680735514,0.07357733522922179,47.60944325419793,50.0,54.05982905982905,138.0,
2016-10-28,8089,140,138,141,139,183000,139.7,139.75425863183992,139.81103521853433,100.0,141.50000000000102,137.89999999999895,0.05915346067584437,0.057725728888496204,47.60944325419792,41.66666666666667,49.99999999999999,138.0,
2016-10-31,8089,140,138,140,139,84000,139.8,139.6171206987781,139.72993169664335,100.72463768115942,141.29666295471088,138.30333704528914,0.08383220255944934,0.050347439604870994,47.60944325419792,25.0,38.88888888888888,138.0,
2016-11-01,8089,141,138,145,139,168000,140.1,140.23218966263664,140.05693852711525,102.14285714285714,142.5413111231476,137.65868887685238,-0.08665702455195401,0.02329093281990582,59.67066193539861,46.666666666666664,37.777777777777764,138.0,
2016-11-02,8089,141,138,141,139,139000,140.2,140.18997336033908,140.0512446744016,100.71942446043165,142.53238075793905,137.86761924206093,-0.06093720830267557,0.004259114909466967,50.31487136552203,44.44444444444444,38.70370370370368,138.0,
2016-11-04,8089,140,138,140,139,55000,140.1,139.97361456755016,139.94612020692597,99.28571428571429,142.5413111231476,137.65868887685238,0.004501966029209825,0.0015013987369785456,47.63385891621843,38.095238095238095,43.06878306878304,138.0,
2016-11-07,8089,141,138,141,139,115000,140.0,139.97841191890467,139.951508186235,99.29078014184397,142.36643191324072,137.63356808675928,0.00250688508376129,-0.00041155986399922365,50.47573530277519,23.809523809523807,35.44973544973542,138.0,
2016-11-08,8089,140,138,140,139,64000,140.0,139.98233702455838,139.95635736761284,100.0,142.36643191324072,137.63356808675928,0.0010792338257772371,-0.0016938223057726038,50.47573530277519,20.0,27.301587301587276,138.0,
2016-11-09,8089,140,145,140,133,142000,139.4,138.89463938372958,139.36072163070503,95.71428571428572,143.708131845708,135.091868154292,0.2770026934718999,0.03338773816356087,36.63934208540921,16.0,19.936507936507912,,145.0
2016-11-10,8089,137,140,141,137,85000,139.3,139.0956140412333,139.4246494676487,99.29078014184397,143.5000000000004,135.09999999999962,0.17833541404860398,0.050979735871101814,51.08062624543415,30.0,21.999999999999975,,140.0
2016-11-11,8089,141,133,142,140,77000,139.5,139.44186603373632,139.5821845209152,101.43884892086331,143.81277173056998,135.18722826943002,0.05990416600670301,0.05106314757453055,53.00322061412481,44.44444444444444,30.148148148148124,133.0,
2016-11-14,8089,142,133,142,139,331000,139.6,139.54334493669336,139.62396606883118,100.71942446043165,143.90813184570803,135.29186815429196,0.02404596222430655,0.04442023198173691,50.85098016608436,61.111111111111114,45.18518518518516,133.0,
2016-11-15,8089,141,133,142,140,161000,139.7,139.62637313002185,139.66156946195412,100.71942446043165,143.99418211071722,135.40581788928276,-0.0009671591737685503,0.05394132813486863,50.85098016608436,61.111111111111114,55.555555555555536,133.0,
2016-11-16,8089,141,133,141,139,154000,139.5,139.8761234700179,139.79541251577814,98.6013986013986,143.32099463490903,135.67900536509097,-0.06402320568403752,0.05359843953693952,53.06146445379334,61.111111111111114,61.111111111111086,133.0,
2016-11-17,8089,140,133,141,139,104000,139.5,139.89864647546918,139.815871264203,100.0,143.32099463490903,135.67900536509097,-0.0585835077622221,0.04658894244900264,50.610172326225616,61.111111111111114,61.111111111111086,133.0,
2016-11-18,8089,141,133,141,139,329000,139.5,139.73525620720207,139.7342841377731,100.0,143.32099463490903,135.67900536509097,-0.006944835084027545,0.045538751319248325,48.2116039571473,58.333333333333336,60.18518518518516,133.0,
2016-11-21,8089,142,133,142,139,767000,139.5,139.78339144225623,139.76085572399862,100.0,143.32099463490903,135.67900536509097,-0.017929584806978482,0.04342666036005324,50.726457820014865,55.55555555555556,58.33333333333331,133.0,
2016-11-22,8089,140,133,141,139,567000,139.5,139.82277481639144,139.78477015160104,100.0,143.32099463490903,135.67900536509097,-0.024813735856156427,0.009891501545824768,50.72645782001486,60.60606060606061,58.164983164983134,133.0,
2016-11-24,8089,141,133,143,140,648000,140.3,140.2186339406839,140.00629313645993,105.97014925373134,141.86204993518274,138.73795006481728,-0.1210179693092357,-0.023369985493935194,55.7146144841092,74.19354838709677,63.451721516237605,133.0,
2016-11-25,8089,142,133,144,142,808000,140.6,140.72433686055956,140.30566382283706,102.14285714285714,142.82710574513305,138.37289425486694,-0.22857105136026235,-0.05542278742359801,58.00384995950023,86.66666666666667,73.82209188660799,133.0,
2016-11-28,8089,145,133,146,144,495000,141.0,141.50173015863965,140.77509744058597,102.83687943262412,144.46410161513847,137.53589838486153,-0.38665095147604234,-0.1010557778347479,62.211192781964805,91.17647058823529,84.01222854733288,133.0,
2016-11-29,8089,145,134,149,145,359000,141.8,142.6832337661597,141.49758769657254,105.71428571428572,147.1516352641044,136.4483647358956,-0.62022346997054,-0.16986203458994473,67.47491335551962,92.5,90.1143790849673,134.0,
2016-11-30,8089,150,135,152,150,343000,143.0,144.3771912632216,142.54782892697438,108.57142857142857,150.94984276574112,135.05015723425888,-0.9438656834138612,-0.26762230989325847,72.89600106819361,95.45454545454545,93.04367201426021,135.0,
2016-12-01,8089,153,137,157,150,597000,143.9,145.39952012445403,143.29304603431467,106.38297872340425,152.72949602185807,135.07050397814194,-1.0415968530242878,-0.3768460149223769,66.8925571487247,83.6734693877551,90.54267161410014,137.0,
2016-12-02,8089,150,139,152,150,236000,145.0,146.4177891927351,144.06374143091833,107.85714285714285,154.33809402394346,135.66190597605654,-1.1218580492829346,-0.5007252609444777,68.29838712548806,74.50980392156863,84.54593958795635,139.0,
2016-12-05,8089,151,141,153,150,176000,146.2,147.25091843041963,144.75736728785495,108.63309352517985,155.2244113381433,137.17558866185666,-1.1416699960031451,-0.6255853066329407,68.29838712548806,64.81481481481481,74.33269604137946,141.0,
2016-12-06,8089,152,143,155,152,365000,147.6,148.47802417034333,145.68163055910358,110.00000000000001,156.68625335328105,138.51374664671894,-1.2584143908290457,-0.7626520460743728,72.37909648266387,72.22222222222221,70.51561365286851,143.0,
2016-12-07,8089,157,144,160,156,392000,149.6,150.57292886664453,147.1134675032408,114.28571428571428,159.8449987798932,139.3550012201068,-1.575643999916423,-0.9242771605862825,78.37468075956728,84.21052631578947,73.74918778427546,144.0,
2016-12-08,8089,160,146,163,157,523000,151.4,152.2869417999819,148.40212075295526,112.67605633802818,161.99056183589968,140.80943816410033,-1.7419026891474232,-1.0924251203404114,78.37468075956728,90.47619047619048,82.30297967140068,146.0,
2016-12-09,8089,159,149,159,157,186000,153.0,153.50749783634882,149.46190867768826,111.18881118881119,162.8386991009999,143.1613008990001,-1.7546961806530987,-1.2444301458045288,75.2186775152579,89.85507246376811,88.18059641858264,149.0,
2016-12-12,8089,159,151,162,157,256000,154.5,154.6879527751945,150.51571780994496,110.34482758620689,163.54433524367698,145.45566475632302,-1.755519584729143,-1.3705741585554847,76.24867049406656,86.11111111111111,88.81412468368985,151.0,
2016-12-13,8089,158,153,159,157,117000,155.6,155.47196136152277,151.36414602896897,107.43243243243244,163.85590697622123,147.34409302377875,-1.6559071325735601,-1.4496898751287846,72.98196472853058,84.50704225352112,86.82440860946674,153.0,
2016-12-14,8089,158,154,158,154,157000,156.0,155.56796838670044,151.82773142608116,102.63157894736842,163.89936706325378,148.10063293674622,-1.3990646378044573,-1.4894085178821368,64.1083910623472,79.41176470588235,83.34330602350481,154.0,
2016-12-15,8089,156,154,158,155,190000,156.7,155.8283377709367,152.34495828348219,104.66666666666666,163.51469001496173,149.88530998503825,-1.2283077294129328,-1.5012362601188032,65.6094096423592,73.01587301587301,78.97822665842544,154.0,
2016-12-16,8089,157,163,157,154,213000,157.1,155.67773090349368,152.6104624551382,102.64900662251655,162.9275209137351,151.2724790862649,-0.9826166612890574,-1.4835636673727934,60.18793691912629,63.793103448275865,72.07358039001035,,163.0
2016-12-19,8089,156,157,156,153,84000,157.4,155.3726889210403,152.74941620962636,101.98675496688743,162.1497368348173,152.6502631651827,-0.7399145025193832,-1.4259525686717198,57.623989257374156,54.0,63.602992154716226,,157.0
2016-12-20,8089,153,156,155,153,147000,157.4,155.1231091172148,152.87447458866532,100.0,162.1497368348173,152.6502631651827,-0.5528572103515899,-1.3123095920534051,57.623989257374156,40.909090909090914,52.900731452455524,,156.0
2016-12-21,8089,154,155,154,153,151000,156.8,154.91890745953938,152.98702712980008,96.25,161.60000000000204,151.99999999999798,-0.4092228214887541,-1.1642340512024418,57.623989257374156,30.76923076923077,41.892773892773825,,155.0
2016-12-22,8089,154,154,154,151,111000,156.0,154.38819701235042,152.88832441681905,95.0,161.05964425627127,150.94035574372873,-0.20709422528963728,-0.9922782783842794,52.08193405186093,25.64102564102564,32.43978243978237,,154.0
2016-12-26,8089,153,153,153,150,198000,155.4,154.13579755555944,152.89949197513727,96.22641509433963,160.3152822909797,150.48471770902032,-0.11005043016132277,-0.8094483723211883,54.44129086032474,23.076923076923077,26.495726495726426,,153.0
2016-12-27,8089,152,150,153,150,283000,154.7,153.92928890909408,152.90954277762364,95.625,158.70499687890236,150.6950031210976,-0.04097307868488542,-0.6300112552224467,54.44129086032474,20.51282051282051,23.076923076923006,150.0,
2016-12-28,8089,152,150,156,152,136000,154.3,154.12396365289516,153.11858849986285,97.48427672955975,157.13548937575467,151.46451062424535,-0.08526000757208863,-0.48403296297440573,59.11110002585418,28.205128205128204,23.93162393162386,150.0,
2016-12-29,8089,154,150,155,150,228000,153.9,153.73778844327785,153.0067296498758,97.43589743589743,156.79136645896318,151.00863354103683,0.025846071568025764,-0.3446825406431881,50.71396341976699,26.31578947368421,25.011246063877568,150.0,
2016-12-30,8089,152,156,152,149,114000,153.3,153.24000872631822,152.80605668488698,96.17834394904459,155.8377155080932,150.76228449190683,0.14641492293770852,-0.2192345868402141,48.25329777735662,23.684210526315788,26.068376068375997,,156.0
