value_date,stock_code,open,close,HIGH,LOW,VOLUME,SMA,EMA,SMMA,MOMENTUM,BBAND_UPPER,BBAND_LOWER,MACD,MACD_SIGNAL,RSI,STOCH,STOCHAS_SIGNAL,PSARBULL,PSARBEAR
2018-01-04,3113,307,305,307,302,454300,,305.0,305.0,,,,0.0,,,,,,
2018-01-05,3113,306,313,313,306,612400,,309.4,309.2105263157895,,,,-0.11111111111114269,,100.0,,,,
2018-01-09,3113,316,302,316,312,489100,,311.24916943521595,310.9778597785978,,,,-0.1567409987506494,,100.0,,,302.0,
2018-01-10,3113,313,302,317,313,338100,,312.81435643564356,312.4382087816225,,,,-0.21553359499114322,,100.0,,,302.0,
2018-01-11,3113,314,302,318,313,473400,,313.1547224564224,312.8195892652193,,,,-0.1853399365199948,,82.0218829849964,,,302.0,
2018-01-12,3113,315,303,318,314,287000,,313.89373931555014,313.49835346242406,,,,-0.2179438971035097,,84.93803702999979,,,303.0,
2018-01-15,3113,317,304,323,317,945200,,315.60606267514555,314.9362683487983,,,,-0.37943679056570545,,89.51633522968115,,,304.0,
2018-01-16,3113,322,305,322,311,894900,,315.0131708572235,314.59629348118824,,,,-0.21308369759913148,,58.74724424499957,,,305.0,
2018-01-17,3113,310,323,310,299,1380000,,311.96439525933533,312.376778587686,,,,0.2965396554586732,-0.13140559679806707,37.77351323118374,,,,323.0
2018-01-18,3113,304,310,309,303,582400,311.7,310.2914249346885,311.0906583203065,,323.63482299826853,299.76517700173144,0.5112049813968156,-0.074605043309532,43.23021405683491,,,,310.0
2018-01-19,3113,308,309,308,304,302200,312.0,309.8233154677927,310.64024939491424,100.98360655737706,323.3841995766062,300.6158004233938,0.4922270251322516,-0.007567472615821518,49.578987686819,,,,309.0
2018-01-22,3113,309,299,310,306,438000,311.7,309.8586167139591,310.5510247922495,99.04153354632588,323.12103322821537,300.2789667717846,0.3908934921787477,0.05328080415411149,52.44279376945966,,,299.0,
2018-01-23,3113,313,299,315,311,417400,311.5,310.27890440766333,310.7453059856952,99.36305732484077,322.82254388377453,300.17745611622547,0.23587225323228722,0.10343700951227043,55.18404824449975,,,299.0,
2018-01-24,3113,313,299,314,307,442800,311.1,310.6118905447981,310.9079929452037,98.73417721518987,322.0343495462693,300.16565045373073,0.1253145660554651,0.1379541764650993,55.18404824449975,,,299.0,
2018-01-25,3113,310,299,371,310,14686900,315.9,320.4395770662469,317.34187236901164,115.28662420382165,348.4631693789164,283.33683062108355,-1.9413719973209709,-0.05353783467017416,83.22287737503012,,,299.0,
2018-01-26,3113,373,303,383,363,8440800,322.0,331.1554297865165,324.6646016519974,119.30379746835442,371.0387601800861,272.9612398199139,-3.881114530744071,-0.442613139134437,86.04384970284175,85.55555555555556,,303.0,
2018-01-29,3113,379,309,398,372,3882200,329.4,343.1596103789747,333.1059145819659,123.05295950155764,395.1035767671745,263.69642323282545,-5.814272933446887,-1.0649674986730764,88.53510086761365,92.94117647058823,,309.0,
2018-01-30,3113,390,317,392,365,3084300,336.1,350.0437049493038,338.6234801093257,121.40575079872204,407.19120902052515,265.0087909794749,-6.318012906182389,-1.7999177832998612,76.31038050979652,90.42553191489363,89.64075464701246,317.0,
2018-01-31,3113,376,325,395,373,1794600,344.1,355.7992478131826,343.52298217674473,126.578073089701,415.5951746623504,272.60482533764963,-6.5113113482264,-2.5801973754802185,76.54291687417367,87.20538720538721,90.19069853028968,325.0,
2018-02-01,3113,384,332,400,384,2041100,353.6,363.79848907757605,349.8385039707833,131.25,426.49005419122693,280.7099458087731,-7.217502482087809,-3.4368339873935585,80.29277949692712,87.95986622073578,88.53026178033885,332.0,
2018-02-02,3113,406,340,429,401,6199500,363.5,371.77119244514023,356.25695387389464,132.14285714285714,435.8173561463636,291.1826438536364,-7.824428627314489,-4.349647556226141,81.69349206099062,87.87878787878788,87.68134710163694,340.0,
2018-02-05,3113,345,429,348,333,6635200,366.4,365.7398293187544,354.3427536149046,109.35483870967741,431.90847273444854,300.8915272655514,-5.031972567635648,-4.934963647433689,49.49261691267316,68.69806094182826,81.51223834711729,,429.0
2018-02-06,3113,306,348,317,291,4258800,365.7,354.58582200268756,348.9286276164512,97.75641025641025,433.6237808134971,297.7762191865029,-1.4928814569159385,-5.114763205541623,40.82728170742738,40.7035175879397,65.76012213618526,,348.0
2018-02-07,3113,329,317,330,299,2185600,364.4,344.3967947467567,343.5029802641213,95.83333333333334,436.7392009908873,292.06079900911266,1.2161714552969443,-4.763925044139632,39.51255032840323,15.270935960591133,41.55750483011968,,317.0
2018-02-08,3113,301,315,310,298,1325700,359.0,337.73505561036063,339.67809445516934,85.0828729281768,438.9149547957076,279.0850452042924,2.6146284899190277,-4.04217581962151,42.50346601647093,9.420289855072465,21.798247801201086,,315.0
2018-02-09,3113,292,310,300,292,1450800,351.3,330.8367392557127,335.4362136149205,79.57559681697613,437.39320530680686,265.20679469319316,3.840866807135228,-2.969382515112386,40.58254150036546,8.212560386473431,10.967928734045662,,310.0
2018-02-13,3113,302,300,307,292,1260300,341.1,323.92668237243186,330.930591513177,74.17721518987341,428.2295587042652,253.97044129573484,4.869580136572779,-1.7263166214729229,38.924842949023684,6.763285024154589,8.132045088566814,,300.0
2018-02-14,3113,291,299,296,277,1447300,331.2,316.0934035321197,325.6617909304742,73.94736842105263,420.8606937291921,241.53930627080786,5.959575754073512,-0.34066249899515494,36.195320722489335,3.5046728971962615,6.160172769274747,,299.0
2018-02-15,3113,288,277,298,283,778400,322.4,311.8820985261095,322.23416630637314,76.9028871391076,407.9626086558842,236.83739134411576,5.973556972277322,1.1250107737120818,40.675338317841245,4.97737556561086,5.0817778289872235,277.0,
2018-02-16,3113,299,277,301,295,615400,312.3,309.3519338911488,319.70347055144214,74.68671679197995,381.6111823589816,242.98881764101844,5.57384003829668,2.613707292113323,42.487362203742215,8.991228070175438,5.824425510994172,277.0,
2018-02-19,3113,305,277,318,304,1285100,302.9,310.0165396559738,319.0065339411591,76.90417690417691,332.2863914082692,273.51360859173076,4.450514325029019,3.6673169468538416,47.65302633303933,16.00877192982456,9.992458521870272,277.0,
2018-02-20,3113,315,279,325,314,1217800,301.0,311.8346710482717,319.10941309179293,94.3952802359882,322.0902821223425,279.9097178776575,3.234365848211496,4.192566647423557,49.91387640631394,21.929824561403507,15.643274853801154,279.0,
2018-02-21,3113,321,282,326,318,845500,302.6,313.50331477442035,319.3045006020616,105.24590163934427,326.85201022595857,278.3479897740415,2.265881606458038,4.309201108663678,50.24448039867912,26.973684210526315,21.63742690058478,282.0,
2018-02-22,3113,317,286,319,311,564400,304.1,313.5937195995869,318.75887514900563,105.01672240802675,329.1191926328569,279.08080736714317,1.8605667767729415,4.225416473869668,47.86286260759724,27.192982456140353,25.365497076023377,286.0,
2018-02-23,3113,315,290,325,313,704900,305.4,314.941516553042,318.9887415475135,104.2207792207792,332.36961252966,278.43038747033995,1.2084990848865687,3.932931171397595,50.39503648664067,33.33333333333333,29.166666666666654,290.0,
2018-02-26,3113,327,293,329,320,640500,307.8,316.58971470958477,319.50141715365424,108.0,336.6277643947635,278.9722356052365,0.5922921748478416,3.4576769534281575,51.482592971771986,46.3768115942029,35.63437579455884,293.0,
2018-02-27,3113,329,297,330,321,967400,310.7,317.5739898386654,319.7564462968796,109.8976109215017,338.8147648042802,282.5852351957198,0.24858197064617116,2.8231220886028976,50.684786176770736,76.8361581920904,52.182101039875526,297.0,
2018-02-28,3113,322,301,323,317,497400,314.8,318.3791117439725,319.9849718014285,114.59074733096087,335.32900387256996,294.27099612743007,0.008194558463685553,2.1603040426236046,50.684786176770736,86.16352201257862,69.7921639329573,301.0,
2018-03-01,3113,319,305,319,313,459800,316.9,317.582591672584,319.3764812573942,107.16723549488054,331.52737160258084,302.2726283974191,0.2128330879579039,1.5646366036970738,47.2854493663132,79.87421383647799,80.95796468038232,305.0,
2018-03-02,3113,306,330,311,304,731400,317.8,315.6578555105131,318.1202651483986,103.02013422818791,328.1460137251015,307.4539862748985,0.6667765221511672,1.1442212922662014,44.474698656509034,70.44025157232704,78.82599580712787,,330.0
2018-03-05,3113,303,311,305,289,838400,315.6,311.1734107929303,315.3716746992441,92.97124600638978,334.72485294061084,296.4751470593892,1.6898519720457443,0.9726086393588957,38.79782972703209,50.943396226415096,67.08595387840668,,311.0
2018-03-06,3113,299,305,305,294,613000,313.3,308.59586350546755,313.5122451811838,92.8125,335.09999999999985,291.50000000000017,2.054442227452796,0.94911537502498,41.79802502409524,37.908496732026144,53.09738151025607,,305.0
2018-03-07,3113,300,304,301,289,575500,310.6,305.94159536649784,311.53976668722083,91.58878504672897,334.50313786932577,286.6968621306743,2.376309920674146,1.0064201687917804,40.72309988355398,23.404255319148938,37.41871609253004,,304.0
2018-03-08,3113,294,301,302,294,476800,308.7,303.9519232025571,309.86959311394327,93.94904458598727,334.18803640926456,283.2119635907354,2.475124230809456,1.1471562961165458,41.26532602266275,19.379844961240313,26.897532337471773,,301.0
2018-03-09,3113,299,289,302,296,470000,306.6,303.2333056633565,308.8739438117125,93.45794392523365,331.13079697033913,282.0692030296609,2.235542879133277,1.3297397077038164,44.02249383490651,17.88617886178862,20.223426380725932,289.0,
2018-03-12,3113,300,289,306,300,479500,304.8,303.7363902843568,308.58427402593793,94.44444444444444,326.42960933535323,283.1703906646468,1.7280721530883056,1.4941275057529424,47.224116037156776,27.64227642276423,21.636100081931033,289.0,
2018-03-13,3113,303,289,307,302,527300,303.3,304.3298214367114,308.4247186224074,95.34161490683229,321.80513442264066,284.79486557735936,1.285279823596568,1.636025868545485,47.76039389162067,37.39837398373984,27.642276422764212,289.0,
2018-03-14,3113,305,290,312,305,354200,302.0,305.1790005036023,308.4826151374802,95.96273291925466,316.44991349455074,287.55008650544926,0.8537749340306959,1.7072416292202395,48.879229845579616,44.71544715447154,36.58536585365852,290.0,
2018-03-15,3113,307,291,310,303,297500,301.1,305.1464532110424,308.13234784720265,97.13375796178345,313.41097071721,288.78902928279007,0.7198560037807624,1.7131393494013056,46.723868962644445,43.90243902439025,42.005420054200535,291.0,
2018-03-16,3113,305,292,305,299,545900,300.5,304.3925195274934,307.4154181680767,98.0456026058632,312.1704755687162,288.8295244312838,0.7915383813262338,1.613326728210249,44.60565304331856,39.02439024390244,42.54742547425473,292.0,
2018-03-19,3113,300,293,301,293,417600,301.0,302.8665520727855,306.2685567519295,101.71821305841924,311.3537432844359,290.6462567155641,1.0463459111508655,1.5013160263989234,42.04005062064594,30.17241379310345,37.69974768713203,293.0,
2018-03-20,3113,293,312,302,293,423100,300.9,301.6180513668531,305.2373964382846,99.66329966329967,311.4242576935383,290.37574230646163,1.1866550193690841,1.3691321484761387,42.04005062064594,24.761904761904763,31.319569599636868,,312.0
2018-03-22,3113,300,301,303,295,581200,301.1,300.5965629193814,304.3101731217622,100.68027210884354,311.1578327685442,291.04216723145584,1.2451351167943585,1.2324666913633502,42.04005062064594,24.137931034482758,26.357416529830306,,301.0
2018-03-23,3113,286,300,289,281,1657500,299.7,297.03348137977565,301.9712469836563,95.25423728813558,315.1932243254915,284.2067756745085,1.938466366344187,1.19945818994234,34.58624344172503,16.666666666666664,21.855500821018044,,300.0
2018-03-26,3113,279,289,280,272,1115000,297.2,293.02732936983546,299.26588919784456,91.66666666666666,318.6252187853474,275.7747812146526,2.62501475568439,1.2991184791196828,32.13210648334355,10.638297872340425,17.147631857829936,,289.0
2018-03-27,3113,283,280,284,277,759300,294.6,290.6586928346073,297.3340089983517,91.50326797385621,317.38947125319066,271.8105287468094,2.778305787503598,1.4650102528871305,36.19515929964298,9.90990990990991,12.404958149638986,,280.0
2018-03-28,3113,266,279,275,266,532700,291.2,287.44798681296714,294.8945948580008,88.92508143322475,315.65894519393674,266.74105480606323,3.119602536825255,1.7167688754198593,33.198614490402605,14.285714285714285,11.611307355988194,,279.0
2018-03-29,3113,274,275,274,260,692600,286.4,282.63921954201066,291.4975990308549,84.46601941747572,313.6792961786041,259.12070382139586,3.808400278214606,2.0599404614680643,28.79723369459849,11.594202898550725,11.92994236472496,,275.0
2018-03-30,3113,266,273,271,265,526000,282.9,280.34116304849533,289.34353816158193,88.52459016393442,308.6751818616282,257.1248181383718,3.7421866289818695,2.387790266763135,35.68426660032803,12.0,12.626639061421656,,273.0
2018-04-02,3113,271,260,274,264,386300,279.3,277.5518442138514,286.9048019112632,88.03986710963456,303.9908890078913,254.6091109921087,3.8129668442091997,2.6951925926585054,33.73221059956727,10.256410256410255,11.283537718320312,260.0,
2018-04-03,3113,266,260,267,263,341800,276.3,275.4514987600924,284.8109352902407,89.86486486486487,299.3833273164855,253.21667268351447,3.697418527076252,2.9741663157370795,34.503905412074786,13.461538461538462,11.90598290598289,260.0,
2018-04-04,3113,269,260,270,262,409300,273.1,273.36939985040596,282.7268081508887,89.1891891891892,293.02887352561623,253.1711264743838,3.597739080910401,3.2355667561944177,33.65966229065097,9.740259740259742,11.15273615273614,260.0,
2018-04-05,3113,264,274,264,258,556800,269.4,270.7567732504635,280.3510149980453,87.5,283.96571316482675,254.83428683517323,3.6503187243100683,3.425772573746182,31.579356201590258,7.38255033557047,10.194782845789545,,274.0
2018-04-06,3113,262,264,265,258,347300,267.1,268.4373537978545,278.11327516167,91.81494661921708,280.8535449975637,253.34645500243636,3.6197494601044014,3.536298652015072,31.164504956842194,3.5211267605633805,6.881312278797853,,264.0
2018-04-09,3113,257,263,261,256,221000,265.3,266.35783042562224,275.9997049009888,93.45454545454545,279.1578497610563,251.44215023894373,3.5338346574296224,3.620246304229075,30.729761555031743,1.4388489208633095,4.1141753389990425,,263.0
2018-04-10,3113,262,261,262,255,366100,263.1,264.83822220327124,274.1980137869562,92.14285714285714,273.47111372997176,252.72888627002828,3.3207953763164824,3.6426010641725446,31.755007919241123,2.857142857142857,2.6057061795231715,,261.0
2018-04-11,3113,261,255,261,254,253600,261.2,262.86763349360365,272.1764748865683,93.04029304029304,270.5295230317529,251.87047696824706,3.2590151486323293,3.581558271996736,29.851756672731852,3.076923076923077,2.457638284976404,255.0,
2018-04-12,3113,255,261,257,253,200500,260.5,261.25533458388577,270.35742026091117,97.31800766283524,270.78591269649945,250.21408730350055,3.1169194930072877,3.5120841457773384,29.851756672731852,3.508771929824561,3.147612621296821,,261.0
2018-04-13,3113,253,257,257,253,298400,259.0,260.1179999203046,268.82060830847627,94.44444444444444,267.53229160308115,250.46770839691885,2.878675661125044,3.4082740143235433,31.04995260796359,3.0927835051546393,3.226159503967415,,257.0
2018-04-16,3113,255,253,258,248,450500,257.3,257.9147254594621,266.737242084628,93.58490566037736,267.05909831900516,247.54090168099484,2.9518974631969854,3.32543834055918,27.507927491257377,3.3707865168539324,3.324113983944367,253.0,
2018-04-17,3113,246,258,248,234,907600,254.6,254.47568223441644,263.9619528326263,89.84962406015038,267.6291979799223,241.57080202007768,3.326011892276881,3.2952464307110114,23.755711052371694,7.142857142857142,4.535475721621894,,258.0
2018-04-18,3113,240,248,250,240,424000,252.9,253.11646656080654,262.26489624429354,93.56060606060606,264.98139064843167,240.8186093515683,3.1076979819447956,3.2349552371148698,32.56153230785469,16.822429906542055,9.112024522084367,,248.0
2018-04-19,3113,248,234,249,244,244000,251.7,252.0043812483152,260.737709037542,95.36679536679536,263.50000000000057,239.8999999999994,2.8642955019695933,3.1510159084332248,32.56153230785469,25.833333333333336,16.5995401275775,234.0,
2018-04-20,3113,245,234,251,245,215600,250.8,251.45812991804434,259.5634554000941,96.51162790697676,261.8923396990903,239.70766030090974,2.519092691897356,3.0382668011518614,34.74664952162509,35.3448275862069,26.00019694202742,234.0,
2018-04-23,3113,250,234,254,249,240800,250.3,251.5566517797867,258.8068299173686,98.0544747081712,260.6556747728004,239.9443252271996,2.0694467661427893,2.899228066688118,37.99220668825443,41.07142857142857,34.08319649698959,234.0,
2018-04-24,3113,255,235,263,252,710700,250.0,252.18271524155918,258.4260201199157,98.83720930232558,259.5916630466262,240.40833695337378,1.562935684720145,2.7107747929200974,41.14471746335819,52.42718446601942,42.94781354121829,235.0,
2018-04-25,3113,255,237,259,254,301800,250.3,253.05858536819892,258.2833753586196,101.18110236220473,260.5391405889369,240.06085941106312,1.0796693353789522,2.4844136642947268,43.217336523121055,63.26530612244898,52.254639719965645,237.0,
2018-04-26,3113,258,239,258,252,282100,250.3,253.22975169216127,257.8549222596999,100.0,260.5391405889369,240.06085941106312,0.8577750227092622,2.2598691489151954,40.89117650300556,70.32967032967034,62.0073869727129,239.0,
2018-04-27,3113,254,240,256,252,239200,250.2,253.369796857297,257.46933643298445,99.6078431372549,260.27174264961207,240.1282573503879,0.6811765619181642,2.007566826550882,40.89117650300556,70.78651685393258,68.12716443535062,240.0,
2018-05-01,3113,253,241,254,247,398300,250.4,252.7571064542594,256.7222395680716,100.80645161290323,260.36794863550244,240.4320513644976,0.7252881403809397,1.7185975207846664,37.74923665245999,64.36781609195403,68.49466775851897,241.0,
2018-05-02,3113,249,242,254,249,408100,251.7,252.61945072329075,256.24992274099986,105.43933054393307,258.1529063219617,245.24709367803825,0.640524515438841,1.4444671356173382,40.222447145448946,62.06896551724138,65.74109948770932,242.0,
2018-05-07,3113,252,243,256,249,270800,252.5,253.05227789541357,256.1249083438089,103.23886639676114,258.3821764679422,246.6178235320578,0.42497661071874404,1.1734317032561326,43.82753477415911,63.2183908045977,63.218390804597696,243.0,
2018-05-08,3113,255,244,256,253,323400,253.3,253.40640920784364,256.0123995903939,103.23886639676114,258.03708771293213,248.5629122870679,0.26599103007345093,0.9230870741645876,43.827534774159105,68.96551724137932,64.75095785440612,244.0,
2018-05-09,3113,253,245,254,248,476300,253.5,252.96888024005113,255.5110877727572,100.80321285140563,257.62310562561913,249.37689437438084,0.3348005583724216,0.7303486066345468,40.0889244459019,67.81609195402298,66.66666666666664,245.0,
2018-05-10,3113,250,263,253,243,599100,252.8,251.5199928670191,254.4598433775876,97.22222222222221,259.36048778674365,246.23951221325635,0.6480002423316478,0.6286891130358249,35.233817494371294,53.086419753086425,63.28934298282956,,263.0
2018-05-11,3113,242,253,244,233,775600,250.8,248.51635770418642,252.51363307253757,92.15686274509804,263.1223374406001,238.4776625593999,1.3016115219230642,0.6533493559851706,28.942472999919417,29.268292682926827,50.05693479667874,,253.0
2018-05-14,3113,234,244,235,226,809100,248.1,245.14974712438539,250.26203448296638,89.49416342412452,264.8439541327614,231.35604586723858,1.934775477798496,0.7730160732173077,26.403810003810122,12.222222222222221,31.525644886078485,,244.0
2018-05-15,3113,228,235,230,223,574300,245.1,241.3043384739533,247.6355840272247,88.18897637795276,266.61185719551014,223.58814280448985,2.5807700367213045,0.9840820148621011,23.715565145915377,6.5420560747663545,16.01085699330513,,235.0
2018-05-16,3113,224,230,225,220,329500,242.1,238.1580950599178,245.2718255524444,88.18897637795276,266.0407602218481,218.15923977815189,2.9386504692737105,1.2300111625168535,23.715565145915377,7.5,8.75475943232952,,230.0
2018-05-17,3113,223,220,231,223,303700,240.1,236.67480502775643,243.74452665162005,92.0,264.40555492063544,215.79444507936455,2.8135652557724598,1.4714601336650333,31.7718561964996,12.295081967213115,8.77904601399315,220.0,
2018-05-18,3113,230,220,235,230,368400,238.3,236.18847683518652,242.77000717377956,92.85714285714286,261.45253765789033,215.14746234210972,2.4577057552566544,1.6973189275025788,36.58042635423982,23.333333333333332,14.376138433515477,220.0,
2018-05-21,3113,234,220,236,233,234300,236.3,235.97239013580588,241.9929585096613,92.15686274509804,256.6184645089148,215.9815354910852,2.0950407321904834,1.900546672182249,37.76139119786242,34.51327433628318,23.380563212276538,220.0,
2018-05-22,3113,237,220,237,231,313900,234.0,235.25013737816934,240.9936071614302,90.98039215686275,250.09968943799953,217.90031056200047,1.923543081183709,2.077073619161281,35.61852283142635,37.27272727272727,31.706444980781253,220.0,
2018-05-23,3113,232,221,235,229,289700,231.9,234.29556693964167,239.89419149653835,91.63346613545816,243.40478161461724,220.39521838538278,1.8405740809176052,2.2095818234486098,34.224166379828844,34.25925925925926,35.34842028942323,221.0,
2018-05-24,3113,229,222,229,224,461800,229.9,232.60546385082205,238.40470534687478,91.83673469387756,238.07067928632847,221.72932071367154,1.9585465467962706,2.282574603990077,30.96101115030369,25.0,32.1773288439955,222.0,
2018-05-25,3113,223,237,224,221,358600,228.5,230.4953795052332,236.66416434853275,94.04255319148936,237.4554452708974,219.5445547291026,2.1627571962322065,2.307905906038267,28.61078677419971,14.814814814814813,24.69135802469134,,237.0
2018-05-28,3113,222,224,226,222,175100,227.8,229.13258322675858,235.29769812595052,96.95652173913044,237.2572723340316,218.34272766596843,2.1421380757550423,2.25916902148646,31.414175002057988,8.49056603773585,16.10179361751687,,224.0
2018-05-29,3113,223,221,224,220,398900,227.5,227.65393172672685,233.86788142702008,98.66071428571429,237.5895986045055,217.4104013954945,2.1545762555084025,2.1720496644014258,30.139579104954095,4.854368932038835,9.386583261529813,221.0,
2018-05-30,3113,217,224,219,213,311500,226.8,225.71685322639502,232.18104350123474,96.875,238.59152237838865,215.00847762161138,2.2813166462870527,2.1129109300141584,27.71736013458414,8.16326530612245,7.169400091965691,,224.0
2018-05-31,3113,220,219,221,217,163300,225.7,224.49560718287842,230.86290413948592,95.21739130434783,238.12738910632643,213.27261089367354,2.204608118104403,2.084788970330575,30.715599944770005,12.5,8.505878079387072,,219.0
2018-06-01,3113,217,218,217,214,338400,223.7,222.58731496480024,229.17657341336457,91.45299145299145,236.5701204345586,210.8298795654414,2.315617449852482,2.1092974945152414,27.63001073704625,13.924050632911392,11.529105313011257,,218.0
2018-06-04,3113,214,213,218,213,304200,221.7,221.20780315123844,227.75888557085256,91.48936170212765,233.05077089893214,210.34922910106783,2.2733586277258553,2.14816588857548,29.162705761472253,12.5,12.974683544303774,213.0,
2018-06-05,3113,216,218,216,211,253500,219.9,219.8972934859934,226.38297037156386,92.24137931034483,229.7569772242837,210.0430227757163,2.22095700523559,2.190430657944145,28.51240278724734,8.108108108108109,11.51071958033981,,218.0
2018-06-06,3113,211,216,214,209,332400,218.1,218.46142194184532,224.9446482688634,92.17391304347827,226.36801064344073,209.83198935655926,2.209455686421421,2.2183094512358283,27.205741080373002,10.256410256410255,10.288172788172764,,216.0
2018-06-07,3113,225,209,240,222,2204500,219.0,221.28661795441542,225.85019764483118,104.0,231.1326007104845,206.8673992895155,1.1183023957609919,2.102258917850138,52.819344661777336,36.470588235294116,18.278368866604136,209.0,
2018-06-08,3113,237,209,240,232,716500,220.2,223.41632378211673,226.56518797302027,105.42986425339367,234.97294825009712,205.42705174990286,0.39142008705425724,1.907734696883384,51.924985538695054,57.77777777777777,34.83492542316069,209.0,
2018-06-11,3113,233,209,233,227,333200,221.0,224.79517400420232,227.0086748098791,103.58744394618836,237.09968943799996,204.90031056200004,-0.020359332737996283,1.6660751870782287,50.09792332575641,76.34408602150538,56.864150678192395,209.0,
2018-06-12,3113,231,209,232,225,328900,221.8,225.559687821916,227.20780960576087,103.61990950226246,238.6000000000014,204.99999999999864,-0.20616819736167713,1.3896879822283696,48.26886026443427,70.96774193548387,68.36320191158897,209.0,
2018-06-13,3113,231,209,236,226,413100,223.5,227.0942900365991,227.8870356347128,107.83410138248848,241.41647286717017,205.58352713282983,-0.5563720909411813,1.082912403445527,52.89870566187112,72.04301075268818,73.11827956989244,209.0,
2018-06-14,3113,237,209,237,228,705400,224.7,227.80441912103782,228.198334954305,105.47945205479452,242.8559907468594,206.5440092531406,-0.6378525145712501,0.7547490740651123,50.00682946737668,72.04301075268818,71.68458781362004,209.0,
2018-06-15,3113,231,209,232,227,232100,226.2,228.0217974627134,228.27850212708782,107.00934579439252,243.00000000000125,209.39999999999873,-0.58107457339554,0.4375898294960684,48.11823897292509,72.04301075268818,72.04301075268815,209.0,
2018-06-18,3113,230,209,230,223,315200,227.1,227.29056156027502,227.85064870474096,104.18604651162791,242.29078668140798,211.909213318592,-0.2939918322616677,0.15815106977415086,43.67716866115853,61.29032258064516,68.45878136200713,209.0,
2018-06-19,3113,224,209,224,218,230300,227.6,225.7831867309202,226.9655778586657,102.33644859813084,241.28795090581647,213.91204909418352,0.14015622899222535,-0.07177109216242646,39.72838353131717,48.38709677419355,60.57347670250891,209.0,
2018-06-20,3113,216,209,222,211,425800,228.6,225.09533459794574,226.46901705549902,104.71698113207549,238.52773891679476,218.67226108320523,0.2912670357721652,-0.16366390993896276,43.054984242187984,40.86021505376344,50.179211469534,209.0,
2018-06-21,3113,222,209,223,218,143500,227.1,223.9870919436685,225.72211126530328,93.58974358974359,237.81260939267563,216.38739060732436,0.5230569020547478,-0.1490375971611305,40.63941249711414,35.483870967741936,41.5770609318996,209.0,
2018-06-22,3113,217,209,218,212,318900,225.1,221.9894388628462,224.44989387707056,91.41630901287554,237.92029640843157,212.27970359156842,0.9407898267673147,-0.04224324610498482,36.25799201238327,29.03225806451613,35.125448028673794,209.0,
2018-06-25,3113,213,240,217,205,458700,222.7,219.2640863421554,222.70489675956244,89.6103896103896,238.77606917128827,206.6239308287117,1.4715385787004038,0.14416861790191307,32.48617374497327,16.49484536082474,27.00365813102756,,240.0
2018-06-26,3113,199,217,206,198,403200,220.1,216.30697973433692,220.73439922777743,88.64628820960698,239.35512918679194,200.84487081320805,1.970151930396554,0.42489350916166146,30.228520076667323,10.185185185185185,18.57076287017531,,217.0
2018-06-27,3113,203,206,208,199,256200,217.4,214.61480160074905,219.3609543770093,88.46153846153845,235.64719156473262,199.1528084352674,2.0624393726459402,0.7249259410746826,35.08673678160211,13.445378151260504,13.375136232423435,,206.0
2018-06-28,3113,207,198,208,200,327000,214.6,212.5030194914484,217.72485365593667,87.87878787878788,232.22271261753002,196.97728738246997,2.246066582732425,1.039052736200012,32.63923192777001,15.447154471544716,13.025905935996759,198.0,
2018-06-29,3113,202,198,204,200,251100,212.0,210.77519776568127,216.25236401081483,88.64628820960698,227.9499216299032,196.0500783700968,2.3012583381111824,1.3274138662414399,32.63923192777001,15.833333333333332,14.908621985379476,198.0,
2018-07-02,3113,203,198,205,201,376400,209.7,208.9978890809705,214.72712362017842,89.73214285714286,224.66796579365598,194.732034206344,2.3601186542274206,1.5740763579342394,31.37029915443199,11.11111111111111,14.130532971996344,198.0,
2018-07-03,3113,200,208,202,196,482800,207.5,206.8164547025706,212.95440708497253,89.95433789954338,222.8166575988385,192.1833424011615,2.511958909093863,1.820819899414428,28.946434118551323,7.563025210084033,11.502489884842783,,208.0
2018-07-04,3113,197,202,199,196,187800,205.1,205.21346293844184,211.45896320806588,89.1891891891892,217.88905782300083,192.31094217699916,2.491298192470964,2.0395133761273407,30.394401040677394,5.172413793103448,7.948850038099487,,202.0
2018-07-05,3113,197,199,200,191,617500,202.4,202.81101513142173,209.51306317674417,87.67123287671232,213.61427661510368,191.18572338489633,2.677580223876049,2.2324900869172004,26.857849928398196,3.4482758620689653,5.394571621752106,,199.0
2018-07-06,3113,190,191,199,190,396300,200.8,201.75446692569764,208.26175471163205,92.48826291079813,209.86862723900717,191.73137276099285,2.4905225158875623,2.34571052438244,33.77333535309941,9.174311926605505,5.93166719392593,191.0,
2018-07-09,3113,195,190,204,195,451000,200.2,201.61729112102418,207.53557811886128,97.10144927536231,208.28949936646657,192.1105006335334,2.1026519904370957,2.3604327532758336,38.76164213090937,17.92452830188679,10.182372030187043,190.0,
2018-07-10,3113,201,190,205,201,252600,200.1,201.6868745535657,206.98201953748196,99.50738916256158,208.07245257120186,192.12754742879812,1.729242650524725,2.323410895262365,39.97880748795354,30.0,19.03294674283072,190.0,
2018-07-11,3113,200,190,202,198,161700,199.3,201.19835190746005,206.18381658512118,96.1352657004831,205.81459898996587,192.78540101003415,1.5617273232961395,2.2473731997694446,37.56649971660455,34.04255319148936,27.322360497792005,190.0,
2018-07-12,3113,200,190,202,199,92500,199.0,200.9804697424663,205.56543423033006,98.52216748768473,205.06630035524657,192.93369964475343,1.354125338072521,2.142136199765149,38.890162737574094,35.22727272727273,33.08994197292065,190.0,
2018-07-13,3113,200,190,203,199,193400,198.6,200.6203843347438,204.9088901419739,98.0295566502463,204.0552726788003,193.1447273211997,1.2180832145585327,2.0152433731352724,38.02204250401858,38.35616438356164,35.875330100774526,190.0,
2018-07-17,3113,200,190,201,198,129900,198.3,200.14395081933432,204.21800049766136,98.50746268656717,203.51919534028622,193.0808046597138,1.1346675243183313,1.8622109970491023,37.1294699050039,42.857142857142854,38.813526655992355,190.0,
2018-07-18,3113,200,190,204,200,210600,198.8,200.48141430672894,203.99620026583472,102.53807106598984,204.37135531087947,193.22864468912056,0.8586732872495588,1.6808082298022795,42.90329746911752,53.70370370370371,44.97233698146936,190.0,
2018-07-19,3113,202,190,205,202,131100,199.3,200.93933897823374,203.8965801656571,102.52525252525253,205.3695963622027,193.2304036377973,0.5992718564214954,1.4498850778628847,44.28096667989512,64.70588235294117,53.75557630459588,190.0,
2018-07-20,3113,202,190,204,199,234200,200.0,200.58673189128154,203.40692182353072,103.64583333333333,203.68781778292583,196.31218221707417,0.5898532921753201,1.2386996085615243,40.11178701849699,70.83333333333334,63.08097312999271,190.0,
2018-07-23,3113,203,190,222,202,1922900,202.4,204.298235183781,205.1662306939231,112.18274111675126,215.1812362469388,189.61876375306122,-0.4500562983014049,0.9550653542572465,61.55280973699256,85.48387096774194,73.67436221800546,190.0,
2018-07-24,3113,221,192,221,210,1039100,203.6,205.8803742412772,205.94960804641647,105.97014925373134,217.8042247236539,189.3957752763461,-0.7709164428528368,0.6772698994375175,53.98409774590955,79.74683544303798,78.68801324803773,192.0,
2018-07-25,3113,216,194,218,212,462600,204.8,207.35666983377365,206.7546476319715,105.94059405940595,220.23502510526177,189.36497489473825,-1.0105474193827035,0.3914615946954238,54.733382400266215,81.25,82.16023547025995,194.0,
2018-07-26,3113,213,196,215,210,336500,206.1,208.20091168217905,207.27918309758888,106.53266331658291,221.55186072937687,190.64813927062312,-1.0493576983194828,0.12440792398520115,52.87884524842707,71.875,77.6239451476793,196.0,
2018-07-27,3113,211,198,213,206,283800,206.8,207.98256410360088,207.2512647768692,103.49999999999999,221.70771612286936,191.89228387713067,-0.8125721118644265,-0.10122044561734987,48.458297420574965,63.73626373626373,72.28708791208787,198.0,
2018-07-30,3113,207,199,210,203,286000,207.8,208.1675524484008,207.42613836097226,105.0251256281407,221.7942845476308,193.8057154523692,-0.7195919575726748,-0.3072492769385728,50.24986450093387,54.21686746987952,63.27604373538103,199.0,
2018-07-31,3113,208,200,213,206,362400,208.8,208.1370883668734,207.48352454312425,105.05050505050507,221.18709005376394,196.41290994623608,-0.588356408289485,-0.4680303542206887,49.32663329528411,44.0,53.984377068714366,200.0,
2018-08-01,3113,207,201,212,205,374900,209.7,208.65761775471478,207.83517218945553,104.45544554455446,221.2602768132972,198.13972318670278,-0.6198783008080682,-0.6034914828017514,52.16597983347024,47.22222222222222,48.479696564033866,201.0,
2018-08-02,3113,208,202,212,205,431600,210.0,208.17441452658468,207.65165492323857,101.47783251231527,220.99090533122984,199.00909466877016,-0.39137378805574485,-0.7125167139385363,47.39902055635759,43.05555555555556,44.75925925925922,202.0,
2018-08-03,3113,193,222,195,191,942400,209.2,205.05179370356853,205.98648904488442,95.97989949748744,223.83693957082752,194.56306042917245,0.46765615244814285,-0.6105486638552533,36.59506990299331,26.582278481012654,38.953352086263436,,222.0
2018-08-06,3113,189,195,201,185,1307200,207.2,204.31510393928323,205.48784003635572,90.9502262443439,220.21691207622064,194.18308792377934,0.5732254613751877,-0.4611995633854728,45.51186155922962,26.08695652173913,31.908263519435735,,195.0
2018-08-07,3113,206,185,208,193,938400,205.3,202.4396304957769,204.33905581700165,91.07981220657277,219.8340978392214,190.7659021607786,0.9501269793539393,-0.2433468524147347,41.14939810486676,23.809523809523807,25.49291960409182,185.0,
2018-08-08,3113,193,185,200,191,423300,203.7,201.63242495109012,203.70515012817026,92.5233644859813,217.5578497610582,189.84215023894177,0.9914102537121039,-0.01659485774455839,44.42743814957109,34.234234234234236,28.043571521832348,185.0,
2018-08-09,3113,196,185,197,193,279000,201.9,200.24471132361904,202.7346349677363,91.50943396226415,215.65354499756563,188.14645500243438,1.1734663085397017,0.2040760778559003,41.913241306233196,27.927927927927925,28.657228657228615,185.0,
2018-08-10,3113,194,185,194,191,217300,200.4,198.7456729011427,201.66117132401465,92.7536231884058,214.8554487996763,185.9445512003237,1.3529052900040028,0.4343535498088645,40.67382360503371,26.36363636363636,29.508599508599463,185.0,
2018-08-13,3113,191,185,192,185,421100,198.1,196.4282778282075,200.09505399866387,88.99521531100478,213.62932709424538,182.5706729057546,1.7096668992941204,0.6896894728737095,37.126831127763026,16.037735849056602,23.443100046873585,185.0,
2018-08-14,3113,189,185,189,186,233900,196.2,195.07768185944244,198.9855484757732,90.86538461538461,211.05395570210388,181.3460442978961,1.760100391764638,0.9541315498262324,39.946749106974565,12.121212121212121,18.17419477796832,185.0,
2018-08-15,3113,187,185,188,185,217400,193.7,193.42719424863466,197.68699349860802,88.15165876777252,205.9327429467011,181.46725705329888,1.8785445899954425,1.206344702943031,38.106183653320585,6.593406593406594,11.58411818789173,185.0,
2018-08-16,3113,185,208,188,184,284200,191.7,192.0767952943374,196.51829404378105,90.29126213592234,201.5407316801174,181.85926831988257,1.9009208291066955,1.3655963336828703,38.106183653320585,8.045977011494253,8.920198575370947,,208.0
2018-08-17,3113,188,188,189,186,341600,191.4,191.335559786276,195.666464570547,98.42931937172776,201.4876161703381,181.3123838296619,1.7652702577658488,1.4980457555040547,40.23526819634035,8.13953488372093,7.592972829540549,,188.0
2018-08-20,3113,189,184,192,188,418800,190.2,190.91091255240764,194.99981806499395,94.02985074626866,198.03836717691044,182.36163282308954,1.5729754015434594,1.5672511357473349,41.32213085285096,12.790697674418606,9.65873652321122,184.0,
2018-08-21,3113,190,184,190,187,137400,189.6,190.3816557246971,194.2998362126634,96.90721649484536,197.09399759808255,182.10600240191744,1.4405611788219232,1.6171567940928702,40.52839897400505,15.294117647058824,12.074783401732743,184.0,
2018-08-22,3113,189,184,194,189,237700,189.2,191.03953650202493,194.2698525896302,97.97979797979798,195.1194594347852,183.28054056521478,1.029678899480814,1.6011804153085494,47.09477318482104,23.75,17.278271773825765,184.0,
2018-08-23,3113,194,184,198,190,351300,189.5,192.1232571380204,194.5428673451464,101.5463917525773,196.55691150575572,182.44308849424428,0.5813992365594345,1.5154575204813752,50.063619696982194,35.526315789473685,24.85681114551079,184.0,
2018-08-24,3113,197,184,204,196,548600,190.4,193.73721038565304,195.18858064145235,104.6875,200.24682690007634,180.55317309992367,0.0754437959198242,1.333877175662009,53.78731222223016,55.55555555555556,38.27729044834303,184.0,
2018-08-27,3113,202,185,206,201,412800,192.1,195.42135395189797,195.96972261086339,109.13978494623655,203.9810773922261,180.2189226077739,-0.3616781576180301,1.098124003508379,55.571233547995725,70.0,53.69395711500969,185.0,
2018-08-28,3113,203,187,204,198,419300,193.2,196.2538350515529,196.372750365359,105.82010582010581,205.7475097130891,180.65249028691088,-0.5079859982410824,0.8329539381487652,52.30934093204236,76.47058823529412,67.34204793028317,187.0,
2018-08-29,3113,199,188,204,199,260000,194.6,196.93495595127055,196.73547534144447,107.5268817204301,206.7391927243975,182.4608072756025,-0.5913948134862892,0.5560299778606558,52.30934093204236,77.27272727272727,74.5811051693404,188.0,
2018-08-30,3113,202,189,204,201,191400,196.1,197.67405486922138,197.16192782065497,108.06451612903226,207.2874930167605,184.9125069832395,-0.6758132480064205,0.2847984772192926,53.36751304479276,74.24242424242425,75.99524658348183,189.0,
2018-08-31,3113,201,190,201,199,237400,197.3,198.0969539839084,197.4457350465885,106.38297872340425,207.26192752433306,187.33807247566696,-0.6660099345124024,0.03602232876864125,52.12205472294297,74.24242424242425,75.2525252525252,190.0,
2018-09-03,3113,199,191,200,194,226700,198.0,197.7156896231978,197.30116153826236,103.7037037037037,206.39047078536504,189.60952921463496,-0.4542658473936001,-0.17451400747752802,47.3608545714312,68.18181818181817,72.22222222222217,191.0,
2018-09-04,3113,195,192,200,195,127100,199.0,197.76738241898002,197.37104538603157,105.31914893617021,204.13809303147227,193.86190696852773,-0.38926167003927503,-0.3321740707575379,49.828629583642986,63.63636363636363,68.68686868686864,192.0,
2018-09-05,3113,198,193,199,196,148300,199.3,197.62785834280186,197.33394084666602,101.5463917525773,203.5000000000076,195.09999999999243,-0.28712771398295445,-0.4286770652622478,48.601746176290305,57.8125,63.21022727272722,193.0,
2018-09-06,3113,194,206,197,192,178900,198.9,196.7864295532015,196.90054675398508,97.96954314720813,204.44616984955059,193.35383015044943,-0.02454079868414283,-0.43978646466268856,43.941160004269186,50.81967213114754,57.42284525583701,,206.0
2018-09-07,3113,192,197,193,190,252800,197.8,195.5525332708012,196.21049206710214,94.5273631840796,205.27261667691207,190.32738332308796,0.29242698393900923,-0.3671081156007953,40.78246233587919,34.48275862068966,47.70497691727902,,197.0
2018-09-10,3113,190,193,192,189,110500,196.6,194.72479994883736,195.68944285258738,94.08866995073892,204.20000000000425,188.99999999999574,0.4518381911320546,-0.26046098344822455,42.27211700462043,20.0,35.10081025061235,,193.0
2018-09-11,3113,191,192,191,188,170100,195.5,193.6839272308669,195.02049855831083,94.5,203.9498520697149,187.0501479302851,0.6381522947354767,-0.12384463809025054,40.099472858969094,11.11111111111111,21.86462324393354,,192.0
2018-09-12,3113,191,191,191,188,146200,194.3,192.65048591616386,194.31844869396207,94.0,203.24650769854168,185.35349230145835,0.7907910019521012,0.039111389682918545,39.019601266831955,5.660377358490567,12.25716282320051,,191.0
2018-09-13,3113,188,190,189,184,341700,192.8,191.44130665867954,193.48660381548265,92.53731343283582,201.77997772826117,183.82002227173885,0.9620913267770561,0.2200115298261917,36.88043674389381,5.172413793103448,7.314634087568327,,190.0
2018-09-14,3113,185,189,188,185,129400,191.5,190.63379635710143,192.83794342755974,93.5,199.66088230524537,183.33911769475463,1.0022918135270231,0.3818512699284832,38.69029787881178,8.333333333333332,6.388708161642401,,189.0
2018-09-18,3113,187,184,192,186,225900,190.8,190.33674247399205,192.4541490814092,96.42857142857143,198.4837490849238,183.11625091507622,0.9063570102954657,0.5258089010767877,42.25644662215233,16.129032258064516,9.878259794833719,184.0,
2018-09-19,3113,191,184,192,189,170300,190.1,190.457334751448,192.30873417211075,96.46464646464646,196.12992537267814,184.07007462732184,0.7212209277911938,0.6378476390516931,45.66030975684154,25.0,16.487455197132572,184.0,
2018-09-20,3113,192,184,193,190,134700,189.5,190.55600116027566,192.17786075396208,96.95431472081218,193.52492235950808,185.47507764049192,0.573706628010143,0.7043195753510582,45.66030975684154,33.33333333333333,24.820788530465904,184.0,
2018-09-21,3113,190,184,201,190,578200,190.2,192.27309185840738,192.9600746836094,103.62694300518133,197.51026675300344,182.88973324699654,0.04081366729661795,0.6763625401685702,58.444629474447524,55.55555555555556,37.96296296296291,184.0,
2018-09-25,3113,200,185,200,194,332000,190.6,192.58707515687874,193.06406721585194,102.10526315789474,198.252450587888,182.94754941211198,-0.044246603564829456,0.621242007424472,49.99927977001068,64.70588235294117,51.19825708060997,185.0,
2018-09-26,3113,193,185,197,193,183300,191.0,193.02578876471898,193.2576604952778,102.09424083769633,199.09938269253078,182.90061730746922,-0.14661827603825373,0.5340452773385019,51.26332427196653,72.54901960784314,64.27015250544657,185.0,
2018-09-27,3113,196,185,196,194,111100,191.5,193.20291808022463,193.33189444609894,102.64550264550265,199.66088230524537,183.33911769475463,-0.16525084583449257,0.42781840536221377,49.90466081264568,60.78431372549019,66.01307189542479,185.0,
2018-09-28,3113,197,185,198,195,138200,192.2,193.5296602474565,193.49870500219473,103.72340425531914,200.23990049690082,184.16009950309916,-0.21893286705551418,0.29659349493637266,51.29482134379378,62.745098039215684,65.35947712418296,185.0,
2018-10-01,3113,199,185,211,199,1444400,194.2,195.79699474791894,194.7488345067349,110.75268817204301,204.66135746450072,183.73864253549925,-0.7562273778187318,0.10120247367573319,63.34468132843011,70.49180327868852,64.67373834779808,185.0,
2018-10-02,3113,206,187,210,201,544600,195.8,197.10663206647914,195.57395105888878,108.55614973262031,206.2613574645007,185.33864253549933,-0.9582043580948039,-0.10597101170096342,59.05360234824596,73.23943661971832,68.82544597920746,187.0,
2018-10-03,3113,204,188,204,200,200900,197.0,197.81451714530112,196.11655595467326,106.34920634920636,206.79795897113596,187.20204102886404,-0.9731363337249377,-0.29423292964720027,56.31473005052118,71.60493827160494,71.77872605667055,188.0,
2018-10-04,3113,204,189,204,202,150300,198.2,198.75733220979183,196.80490036111647,106.28272251308901,207.69947366963365,188.70052633036633,-1.04560916849843,-0.4741569070370417,58.392883855151574,67.90123456790124,70.9152031530748,189.0,
2018-10-05,3113,200,190,203,199,256300,199.1,198.9832718080115,197.12441032580296,104.71204188481676,207.31948903521763,190.88051096478236,-0.9240335745451773,-0.5813621561305745,54.22586831222875,63.74999999999999,67.75205761316869,190.0,
2018-10-09,3113,198,191,202,193,271900,198.6,198.25904057019122,196.91196929274506,97.5,207.14166260162872,190.05833739837126,-0.5825352163446667,-0.6411720019950009,48.068951594314235,55.12820512820513,62.25981323203542,191.0,
2018-10-10,3113,194,192,199,194,144400,198.7,197.66648773924734,196.72077236308368,100.51546391752578,207.04505841801378,190.3549415819862,-0.3334429364444986,-0.6619302975956948,48.068951594314235,41.0958904109589,53.32469851305464,192.0,
2018-10-11,3113,186,211,187,175,611500,197.6,195.18167178665692,195.44869512445882,94.35897435897435,209.67311061823187,185.52688938176811,0.35312546645539555,-0.6043329295634849,37.27141484635083,28.915662650602407,41.71325272992211,,211.0
2018-10-12,3113,184,187,190,184,156800,197.0,193.875913279992,194.70382561079217,96.90721649484536,210.266499161424,183.733500838576,0.6223986786813498,-0.5108516467038334,42.343218432428266,29.78723404255319,33.26626236803813,,187.0
2018-10-15,3113,189,175,191,184,284600,196.0,192.262110865448,193.7334430482816,94.87179487179486,211.0996688705436,180.9003311294564,0.9239867399210198,-0.32416118917719433,39.74752739013531,29.629629629629626,29.444175440928365,175.0,
2018-10-16,3113,185,175,188,184,139800,194.1,191.30536343536653,193.06009874255955,90.77669902912622,208.45130656073044,179.74869343926954,1.0074006047626085,-0.10576063774859297,42.287519113868846,32.407407407407405,30.608090359863365,175.0,
2018-10-17,3113,192,175,192,190,111700,192.8,191.06802462893629,192.75408886793798,93.59605911330048,206.00000000000247,179.59999999999755,0.8944068946626942,0.10174416540558834,45.96704679765531,34.25925925925926,32.09876543209872,175.0,
2018-10-18,3113,192,175,195,190,109500,191.8,191.05565651458426,192.57867998095557,95.02487562189054,203.82663710270106,179.77336289729897,0.74424478645156,0.30061682706669834,47.1760205578919,39.81481481481482,35.49382716049379,175.0,
2018-10-19,3113,191,176,193,189,109400,190.6,191.04553714829623,192.42081198270722,94.08866995073892,200.03186089804478,181.1681391019552,0.6196967505408963,0.4721424187429288,47.1760205578919,43.51851851851852,39.197530864197496,176.0,
2018-10-22,3113,190,177,194,189,131200,189.7,191.03725766678784,192.27873078431273,95.5,196.80211236183052,182.59788763816945,0.5163197185232207,0.5942374115060274,47.1760205578919,44.85981308411215,42.73104880581513,177.0,
2018-10-23,3113,191,178,193,189,130900,189.2,190.84866536373553,192.0508577057028,97.43589743589743,195.3838499335015,183.01615006649848,0.47660850551051226,0.6842431272788063,45.89350268670037,47.0,45.12611053421019,178.0,
2018-10-24,3113,190,179,191,185,209500,188.2,189.78527166123814,191.34577193463508,94.87179487179486,193.4763623833155,182.9236376166845,0.6658314226861819,0.7189882335266715,40.033234519496645,44.086021505376344,45.31527819649614,179.0,
2018-10-25,3113,181,195,182,176,406000,187.5,187.46067681374026,189.9111947402607,96.19565217391305,195.80662386292212,179.19337613707788,1.1426644305378204,0.7767955392885015,32.81346895044726,31.3953488372093,40.82712344752852,,195.0
2018-10-26,3113,182,182,182,173,340200,186.2,185.19509921124202,188.4200752653825,93.08510638297872,197.3642285895653,175.03577141043468,1.522592484143928,0.8433072886466024,31.29401216029173,16.27906976744186,30.58681337000914,,182.0
2018-10-29,3113,169,181,175,167,679500,184.5,182.06871753647073,186.37806773779403,90.81081081081082,200.1524758425007,168.8475241574993,2.0560024747651653,0.9598186075357754,26.643687555093763,5.617977528089887,17.764132044246985,,181.0
2018-10-30,3113,165,175,172,164,428500,182.8,179.87440525711241,184.7402609632565,90.9090909090909,200.549366185869,165.05063381413103,2.2615106999621446,1.1117190303468254,29.851133308197973,9.782608695652174,10.559885330394609,,175.0
2018-10-31,3113,175,164,177,174,130700,181.4,179.16996793763744,183.86623486656674,92.63157894736842,198.86310396235646,163.93689603764355,2.0541159385581693,1.257260269469782,38.533992724948725,20.212765957446805,11.87111739372959,164.0,
2018-11-01,3113,173,164,177,172,180100,179.8,178.4117919489761,182.97961137957765,91.62303664921467,196.3601932355897,163.23980676441033,1.8966759173444814,1.3991468435590693,37.696508433558,31.182795698924732,20.392723450674534,164.0,
2018-11-02,3113,176,164,180,175,210100,178.4,178.1551025037077,182.38165024141813,92.67015706806284,193.2108068652613,163.5891931347387,1.639434182450799,1.5239373395510225,40.48257489246627,38.70967741935484,30.03507969190876,164.0,
2018-11-05,3113,172,164,179,172,187900,176.8,177.5814475030336,181.64348521705216,91.62303664921467,189.0572427568386,164.54275724316142,1.507164879370407,1.638443603313233,38.62260737914055,37.634408602150536,35.84229390681,164.0,
2018-11-06,3113,176,164,177,174,100900,175.3,177.1120934115729,180.97913669516535,92.10526315789474,183.83463531734503,166.765364682655,1.3712544317661468,1.7168239376554513,38.62260737914055,37.634408602150536,37.9928315412186,164.0,
2018-11-07,3113,176,164,177,174,159900,174.3,176.72807642765056,180.38122302550173,94.5945945945946,179.88927544499944,168.71072455500058,1.237061069333521,1.7273124530771957,38.62260737914055,35.869565217391305,37.04612747389742,164.0,
2018-11-08,3113,177,164,178,175,194100,174.2,176.59569889535047,179.94310072285455,99.43502824858757,179.62586398650697,168.774136013493,1.0620052218611704,1.6761360906013338,40.334530845506585,37.362637362637365,36.955537060726364,164.0,
2018-11-09,3113,173,164,173,168,579500,173.8,175.57829909619582,179.04879065039088,97.71428571428571,179.51314274284076,168.08685725715927,1.1415980259764638,1.5745355962914782,35.06782114841421,33.70786516853933,35.64668924952264,164.0,
2018-11-12,3113,170,164,172,165,358200,173.5,173.65497198779659,177.64391158509986,98.21428571428571,180.55691150575618,166.44308849424382,1.4372732156552104,1.4829536535907077,30.004707282653825,23.25581395348837,31.442105494888324,164.0,
2018-11-13,3113,165,180,168,160,484400,173.1,172.2631588991063,176.47952042640196,97.6470588235294,181.27067928633073,164.92932071366926,1.5470449374176098,1.4266124312417565,31.772779593672908,17.94871794871795,24.97079902358185,,180.0
2018-11-14,3113,167,168,168,163,122600,171.8,170.57894819017787,175.13156838356596,92.61363636363636,181.67117014340624,161.92882985659378,1.7122121048438999,1.4061164520750253,29.375481087399706,14.084507042253522,18.42967964815325,,168.0
2018-11-15,3113,161,167,163,160,247000,170.5,169.01913942832735,173.8184115450377,92.57142857142857,181.6803398875023,159.3196601124977,1.8174879687987868,1.4259002061136907,28.600825076371876,17.1875,16.40690833032379,,167.0
2018-11-16,3113,163,163,164,160,276800,168.9,167.56111407772238,172.5365703903831,90.96045197740112,180.4741090369875,157.3258909630125,1.8789827699744706,1.4672133050696976,27.81101011950048,9.67741935483871,13.649808799030714,,163.0
2018-11-19,3113,160,160,164,160,157400,167.7,166.73182060904557,171.5829133512438,93.14285714285714,178.9800709217662,156.41992907823376,1.7704874732326346,1.5115725318993074,31.863670453787677,10.0,12.288306451612874,160.0,
2018-11-20,3113,161,160,164,160,114400,166.4,165.8714895892191,170.6246220160281,92.57142857142857,176.99056183590258,155.80943816409743,1.68872181164636,1.5617570588229563,30.928725686521858,10.0,9.89247311827954,160.0,
2018-11-21,3113,161,160,163,160,154000,164.9,164.80394602754288,169.56215981433414,91.42857142857143,174.38472456110756,155.41527543889245,1.6737197695988755,1.6297253419049236,29.090272315576385,8.333333333333332,9.444444444444413,160.0,
2018-11-22,3113,161,160,162,160,121000,163.4,164.11231947708055,168.70594383283463,91.47727272727273,169.54491659830117,157.25508340169884,1.5659116251482885,1.6768712973684596,31.28949114420128,5.084745762711865,7.806026365348369,160.0,
2018-11-26,3113,161,160,164,160,152100,162.5,163.72826139033862,168.0353494495046,94.73684210526315,165.99284983932571,159.00715016067429,1.398598061977168,1.6725740580708992,33.510253009840625,5.263157894736842,6.2270789969273155,160.0,
2018-11-27,3113,163,160,166,162,168900,162.4,163.77766841027704,167.6318145045289,99.39393939393939,165.64961536186632,159.1503846381337,1.1499981711543228,1.6284577507083118,37.837595885719296,12.727272727272727,7.691725461573781,160.0,
2018-11-28,3113,166,160,166,164,116200,162.4,164.1817286993176,167.46863305406683,100.0,165.64961536186632,159.1503846381337,0.8540229167156497,1.5331033964718397,41.90913975589364,22.22222222222222,13.4042176147439,160.0,
2018-11-29,3113,167,160,168,163,281500,162.5,164.1486871176235,167.12176974864258,100.61349693251533,165.87638860323833,159.12361139676167,0.7197005008889903,1.4111270111485288,39.14777912381486,28.57142857142857,21.17364117364114,160.0,
2018-11-30,3113,165,160,165,162,146400,162.6,163.93983491441924,166.70959277375954,100.61728395061729,165.97045990928203,159.22954009071796,0.6527837732251385,1.274882678176381,37.80645114780327,30.23255813953488,27.008736311061863,160.0,
2018-12-03,3113,164,160,167,164,358400,163.0,164.13259220270663,166.53863349637658,102.48447204968944,166.46410161514893,159.53589838485107,0.4950929491688214,1.1331721755026238,42.08075529685141,36.36363636363637,31.722541024866576,160.0,
2018-12-04,3113,164,160,167,162,195100,162.9,163.74484816585087,166.08477014672215,99.38650306748467,166.41567916626042,159.3843208337396,0.5115763006023997,1.0023782298310726,37.87583087460136,35.714285714285715,34.10349340581896,160.0,
2018-12-05,3113,161,160,163,160,152300,162.9,163.42760304478708,165.67629313203636,100.0,166.41567916626042,159.3843208337396,0.5069934523235133,0.8727419723560325,37.87583087460136,37.5,36.525974025973994,160.0,
2018-12-06,3113,162,168,163,159,328300,162.8,162.62258430937123,165.00866381881275,99.375,166.67814388594306,158.92185611405696,0.6267529564940446,0.7683910091722276,33.9422777669852,16.0,29.7380952380952,,168.0
2018-12-07,3113,159,163,160,158,166100,162.6,161.96393261675829,164.4077974369153,98.75776397515527,167.0000000000088,158.19999999999118,0.6885362221942444,0.6894952491963472,33.9422777669852,11.11111111111111,21.537037037037,,163.0
2018-12-10,3113,156,160,157,150,451700,161.5,159.97049032280222,163.0670176931913,93.20987654320987,169.75832912882976,153.24167087117024,1.0784037798314898,0.6815403168271436,25.690701594683816,5.405405405405405,10.838838838838802,,160.0
2018-12-11,3113,151,157,152,145,445000,159.6,157.24858299138364,161.26031592383276,88.41463414634147,172.2554336156482,146.9445663843518,1.5860555486987948,0.7628772759363819,21.474146427214492,3.9215686274509802,6.812695047989128,,157.0
2018-12-12,3113,146,152,154,146,461200,158.0,155.93065881113208,160.13428433142738,90.36144578313254,171.0537350976676,144.9462649023324,1.650125806125942,0.8662578654071543,31.555600520103113,9.375,6.233991344285425,,152.0
2018-12-13,3113,149,151,151,148,163600,156.5,154.6705390272899,159.02085589826498,90.85365853658537,169.89402852020555,143.10597147979445,1.6888771863496856,0.9813793557543262,30.706506848144784,13.043478260869565,8.780015629440145,,151.0
2018-12-14,3113,148,150,148,144,444800,154.6,152.7304410223281,157.51877030841462,88.34355828220859,169.11068571777642,140.08931428222357,1.8939126687672854,1.1368037690430444,26.820522267897687,12.857142857142856,11.75854037267077,,150.0
2018-12-17,3113,142,148,144,141,307000,152.3,150.7794517455412,155.96689327755095,86.06060606060606,166.77895023819343,137.8210497618066,2.0667393747494316,1.3095996661704925,25.433990458463867,6.756756756756757,10.885792624923022,,148.0
2018-12-18,3113,140,144,141,137,476900,149.8,148.27409688271553,154.07020394977144,84.5679012345679,165.3125755437349,134.28742445626511,2.350907010345054,1.514478950395108,22.32651167179742,1.2195121951219512,6.944470603007152,,144.0
2018-12-19,3113,137,141,139,133,493700,147.0,145.6788065404036,152.06318355477103,82.71604938271605,162.79873412650784,131.20126587349216,2.6093925787376406,1.7347722417555076,20.69289256152244,2.1739130434782608,3.3833939984522874,,141.0
2018-12-20,3113,130,139,134,127,869400,143.9,142.46447807851203,149.65686519926882,80.50314465408806,161.161517893861,126.638482106139,2.9810014995345284,1.989490605904428,17.875749675457854,1.9047619047619049,1.76606238112067,,139.0
2018-12-21,3113,127,134,127,120,1161800,140.1,138.56184570060077,146.79117867931504,76.10062893081762,159.04096090487715,121.15903909512284,3.463905953626778,2.2545464029927933,15.264739612438234,2.479338842975207,2.186004597071755,,134.0
2018-12-25,3113,111,127,117,108,1786100,136.1,133.55060102776426,143.2120608113533,73.50993377483444,160.30661066733808,111.89338933266191,4.14575186243917,2.538957104519502,12.463917690557835,3.5211267605633805,2.6350758361001287,,127.0
2018-12-26,3113,121,117,121,118,802100,133.5,130.9050372045344,140.79085473019956,82.06896551724138,158.88109532703595,108.11890467296405,4.110516728021707,2.812333873619031,24.41260379248891,9.554140127388536,5.1848685769756715,,117.0
2018-12-27,3113,128,108,129,124,551100,131.3,130.37684862189178,139.51176925717087,85.33333333333334,154.2791209579498,108.32087904205022,3.544803199246161,3.018547875051973,35.13900122070136,20.98765432098765,11.354307069646486,108.0,
2018-12-28,3113,127,108,130,126,308000,129.2,129.94469432700237,138.3605923314467,85.90604026845638,148.93423421367262,109.46576578632735,3.052787789021295,3.147311777302418,35.13900122070136,32.69230769230769,21.07803404689459,108.0,
